1.0,0.0,3.0,1.0,1.0,1.0,0.0,2672.0,1,0,1,0,0,0,1
2.0,0.0,1.0,1.0,2.0,2.0,1.0,819.0,1,0,1,0,0,0,1
3.0,0.0,2.0,0.0,3.0,2.0,2.0,518.0,0,1,1,0,0,1,0
4.0,0.0,0.0,0.0,1.0,1.0,0.0,2590.0,0,1,1,0,0,0,1
5.0,0.0,1.0,1.0,1.0,1.0,0.0,3862.0,0,1,1,0,0,0,1
6.0,0.0,1.0,3.0,1.0,1.0,0.0,561.0,1,0,1,0,0,0,1
7.0,0.0,3.0,0.0,3.0,3.0,2.0,321.0,0,1,1,0,0,0,1
8.0,0.0,3.0,1.0,3.0,3.0,,12.0,1,0,0,1,0,1,0
9.0,0.0,3.0,3.0,3.0,3.0,2.0,487.0,1,0,0,1,0,1,0
10.0,0.0,3.0,0.0,1.0,2.0,0.0,669.0,1,0,1,0,0,1,0
11.0,0.0,1.0,2.0,3.0,3.0,2.0,155.0,0,1,1,0,0,0,1
12.0,0.0,3.0,1.0,3.0,1.0,,65.0,1,0,0,1,0,1,0
13.0,0.0,3.0,0.0,3.0,1.0,2.0,2336.0,1,0,1,0,0,0,1
14.0,0.0,3.0,3.0,3.0,2.0,2.0,592.0,1,0,1,0,0,1,0
15.0,0.0,3.0,3.0,3.0,3.0,2.0,154.0,0,1,1,0,0,0,1
16.0,0.0,1.0,0.0,2.0,2.0,1.0,400.0,1,0,1,0,0,0,1
17.0,0.0,1.0,1.0,1.0,2.0,0.0,2009.0,0,1,1,0,0,0,1
18.0,0.0,1.0,0.0,1.0,1.0,0.0,1734.0,1,0,1,0,0,0,1
19.0,0.0,1.0,1.0,3.0,2.0,2.0,815.0,0,1,1,0,0,0,1
20.0,0.0,0.0,0.0,1.0,1.0,0.0,675.0,0,1,1,0,0,0,1
21.0,0.0,3.0,1.0,3.0,2.0,,974.0,1,0,0,1,0,1,0
22.0,0.0,1.0,1.0,1.0,1.0,0.0,1633.0,1,0,1,0,0,0,1
23.0,0.0,1.0,0.0,1.0,1.0,0.0,3624.0,1,0,1,0,0,0,1
24.0,0.0,1.0,1.0,1.0,2.0,0.0,2141.0,1,0,1,0,0,0,1
25.0,0.0,1.0,1.0,3.0,1.0,2.0,694.0,0,1,0,1,0,1,0
26.0,0.0,1.0,1.0,3.0,2.0,2.0,2823.0,1,0,1,0,0,0,1
27.0,0.0,3.0,0.0,2.0,2.0,1.0,2571.0,1,0,1,0,0,0,1
28.0,0.0,3.0,1.0,1.0,1.0,0.0,2036.0,1,0,1,0,0,0,1
29.0,0.0,1.0,1.0,3.0,3.0,2.0,153.0,1,0,1,0,0,1,0
30.0,0.0,3.0,1.0,3.0,3.0,,213.0,0,1,1,0,0,1,0
31.0,0.0,1.0,3.0,3.0,2.0,2.0,335.0,1,0,1,0,0,1,0
32.0,0.0,3.0,3.0,1.0,2.0,0.0,243.0,1,0,1,0,0,0,1
33.0,0.0,1.0,1.0,1.0,1.0,0.0,766.0,1,0,1,0,0,0,1
34.0,0.0,1.0,1.0,1.0,1.0,0.0,2750.0,1,0,1,0,0,0,1
35.0,0.0,1.0,1.0,1.0,2.0,0.0,3059.0,0,1,1,0,0,0,1
36.0,0.0,3.0,1.0,1.0,2.0,0.0,1854.0,0,1,1,0,0,0,1
37.0,0.0,0.0,0.0,1.0,1.0,0.0,3434.0,0,1,1,0,0,0,1
38.0,0.0,1.0,2.0,1.0,1.0,0.0,579.0,0,1,1,0,0,0,1
39.0,0.0,1.0,0.0,1.0,1.0,0.0,18.0,1,0,1,0,0,0,1
40.0,0.0,1.0,1.0,3.0,2.0,2.0,464.0,0,1,1,0,0,0,1
41.0,0.0,3.0,1.0,1.0,2.0,0.0,545.0,1,0,1,0,0,0,1
42.0,0.0,1.0,0.0,1.0,2.0,0.0,4184.0,1,0,1,0,0,0,1
43.0,0.0,3.0,1.0,3.0,3.0,0.0,125.0,0,1,1,0,0,1,0
44.0,0.0,1.0,1.0,3.0,1.0,2.0,4310.0,1,0,1,0,0,0,1
45.0,0.0,1.0,1.0,1.0,2.0,0.0,813.0,0,1,1,0,0,0,1
46.0,0.0,3.0,0.0,3.0,3.0,0.0,162.0,1,0,1,0,0,0,1
47.0,0.0,1.0,2.0,1.0,2.0,0.0,2597.0,0,1,1,0,0,0,1
48.0,0.0,1.0,1.0,1.0,1.0,0.0,4381.0,0,1,1,0,0,0,1
49.0,0.0,1.0,2.0,3.0,2.0,,563.0,1,0,0,1,0,1,0
50.0,0.0,2.0,1.0,3.0,2.0,2.0,859.0,0,1,1,0,0,0,1
51.0,0.0,1.0,0.0,3.0,3.0,2.0,88.0,1,0,1,0,0,0,1
52.0,0.0,1.0,1.0,1.0,1.0,0.0,2625.0,0,1,1,0,0,0,1
53.0,0.0,1.0,0.0,1.0,2.0,0.0,796.0,0,1,1,0,0,1,0
54.0,0.0,1.0,1.0,1.0,1.0,0.0,2692.0,1,0,1,0,0,0,1
55.0,0.0,1.0,0.0,3.0,3.0,1.0,333.0,1,0,0,1,0,0,1
56.0,0.0,3.0,3.0,3.0,2.0,2.0,16.0,0,1,0,1,0,1,0
57.0,0.0,3.0,1.0,2.0,2.0,1.0,1993.0,1,0,1,0,0,0,1
58.0,0.0,1.0,0.0,3.0,2.0,2.0,735.0,0,1,1,0,0,0,1
59.0,0.0,3.0,0.0,3.0,2.0,2.0,575.0,0,1,1,0,0,0,1
60.0,0.0,3.0,0.0,3.0,3.0,,1038.0,1,0,1,0,0,1,0
61.0,0.0,1.0,1.0,1.0,1.0,0.0,1786.0,0,1,1,0,0,0,1
62.0,0.0,3.0,1.0,3.0,2.0,2.0,279.0,0,1,1,0,0,0,1
63.0,0.0,3.0,1.0,3.0,2.0,,14.0,0,1,0,1,0,1,0
64.0,0.0,0.0,1.0,3.0,3.0,,134.0,0,1,0,0,1,1,0
65.0,0.0,3.0,3.0,3.0,3.0,2.0,623.0,0,1,1,0,0,1,0
66.0,0.0,3.0,0.0,3.0,3.0,2.0,1644.0,0,1,1,0,0,1,0
67.0,0.0,0.0,0.0,3.0,3.0,0.0,495.0,0,1,1,0,0,0,1
68.0,0.0,1.0,1.0,1.0,2.0,0.0,498.0,1,0,1,0,0,0,1
69.0,0.0,3.0,0.0,3.0,2.0,2.0,96.0,0,1,0,1,0,1,0
70.0,0.0,1.0,1.0,2.0,1.0,1.0,2218.0,0,1,1,0,0,0,1
71.0,0.0,1.0,0.0,2.0,2.0,1.0,357.0,0,1,1,0,0,1,0
72.0,0.0,1.0,0.0,1.0,1.0,0.0,172.0,0,1,1,0,0,0,1
73.0,0.0,0.0,0.0,2.0,2.0,1.0,698.0,0,1,1,0,0,0,1
74.0,0.0,3.0,1.0,3.0,2.0,,183.0,1,0,0,1,0,1,0
75.0,0.0,3.0,0.0,3.0,3.0,2.0,94.0,1,0,0,1,0,1,0
76.0,0.0,3.0,3.0,3.0,3.0,2.0,128.0,1,0,1,0,0,1,0
77.0,0.0,3.0,2.0,3.0,3.0,1.0,2190.0,1,0,1,0,0,0,1
78.0,0.0,1.0,0.0,3.0,3.0,0.0,67.0,1,0,1,0,0,0,1
79.0,0.0,3.0,3.0,3.0,3.0,2.0,89.0,0,1,0,1,0,1,0
80.0,0.0,3.0,1.0,3.0,3.0,,120.0,0,1,0,1,0,1,0
81.0,0.0,1.0,1.0,3.0,3.0,2.0,509.0,0,1,1,0,0,0,1
82.0,0.0,1.0,0.0,1.0,1.0,0.0,432.0,1,0,1,0,0,0,1
83.0,0.0,3.0,1.0,1.0,1.0,0.0,1807.0,0,1,1,0,0,0,1
84.0,0.0,1.0,1.0,1.0,2.0,0.0,1529.0,0,1,1,0,0,0,1
85.0,0.0,1.0,1.0,1.0,1.0,0.0,2231.0,1,0,1,0,0,0,1
86.0,0.0,3.0,0.0,3.0,3.0,0.0,41.0,0,1,1,0,0,0,1
87.0,0.0,1.0,1.0,3.0,1.0,,73.0,1,0,0,1,0,1,0
88.0,0.0,1.0,1.0,1.0,1.0,0.0,2950.0,0,1,1,0,0,0,1
89.0,0.0,3.0,3.0,2.0,2.0,1.0,393.0,1,0,1,0,0,0,1
90.0,0.0,3.0,1.0,3.0,2.0,2.0,173.0,0,1,0,1,0,1,0
91.0,0.0,3.0,4.0,1.0,1.0,0.0,2008.0,0,1,1,0,0,0,1
92.0,0.0,1.0,1.0,1.0,1.0,0.0,1985.0,1,0,1,0,0,0,1
93.0,0.0,3.0,0.0,3.0,2.0,0.0,127.0,1,0,0,1,0,1,0
94.0,0.0,3.0,3.0,3.0,3.0,,211.0,1,0,1,0,0,1,0
95.0,0.0,1.0,0.0,3.0,3.0,2.0,379.0,1,0,1,0,0,0,1
96.0,0.0,1.0,3.0,1.0,2.0,0.0,1162.0,0,1,1,0,0,1,0
97.0,0.0,3.0,1.0,3.0,2.0,2.0,251.0,1,0,0,1,0,1,0
98.0,0.0,1.0,0.0,1.0,2.0,0.0,4017.0,1,0,1,0,0,0,1
99.0,0.0,1.0,1.0,3.0,3.0,2.0,847.0,1,0,1,0,0,1,0
100.0,0.0,3.0,2.0,3.0,3.0,,256.0,1,0,0,1,0,1,0
101.0,0.0,3.0,3.0,3.0,3.0,2.0,227.0,1,0,1,0,0,1,0
102.0,0.0,1.0,1.0,3.0,2.0,2.0,184.0,0,1,1,0,0,0,1
103.0,0.0,1.0,1.0,3.0,2.0,2.0,35.0,1,0,1,0,0,0,1
104.0,0.0,3.0,3.0,3.0,2.0,2.0,21.0,1,0,0,1,0,1,0
105.0,0.0,0.0,0.0,1.0,1.0,0.0,4174.0,0,1,1,0,0,0,1
106.0,0.0,3.0,0.0,3.0,3.0,2.0,283.0,1,0,1,0,0,0,1
107.0,0.0,1.0,1.0,1.0,2.0,0.0,1429.0,0,1,1,0,0,0,1
108.0,0.0,1.0,3.0,3.0,1.0,2.0,296.0,1,0,1,0,0,0,1
109.0,0.0,3.0,1.0,3.0,2.0,1.0,29.0,0,1,0,1,0,1,0
110.0,0.0,0.0,1.0,1.0,2.0,0.0,824.0,0,1,1,0,0,0,1
111.0,0.0,3.0,1.0,3.0,3.0,1.0,152.0,0,1,0,1,0,1,0
112.0,0.0,1.0,3.0,3.0,2.0,,1764.0,1,0,0,1,0,1,0
113.0,0.0,1.0,1.0,1.0,1.0,0.0,3106.0,0,1,1,0,0,0,1
114.0,0.0,1.0,0.0,1.0,2.0,0.0,4204.0,0,1,1,0,0,0,1
115.0,0.0,2.0,0.0,3.0,3.0,2.0,39.0,0,1,1,0,0,0,1
116.0,0.0,1.0,1.0,2.0,1.0,1.0,360.0,1,0,1,0,0,0,1
117.0,0.0,0.0,0.0,1.0,1.0,0.0,2282.0,0,1,1,0,0,0,1
118.0,0.0,1.0,1.0,1.0,2.0,0.0,3027.0,1,0,1,0,0,0,1
119.0,0.0,0.0,0.0,3.0,2.0,2.0,694.0,0,1,1,0,0,0,1
120.0,0.0,1.0,1.0,2.0,1.0,1.0,18.0,1,0,1,0,0,0,1
121.0,0.0,1.0,1.0,2.0,2.0,1.0,1770.0,1,0,1,0,0,0,1
122.0,0.0,1.0,0.0,1.0,2.0,0.0,2123.0,1,0,1,0,0,0,1
123.0,0.0,1.0,1.0,3.0,1.0,0.0,190.0,1,0,0,1,0,1,0
124.0,0.0,1.0,1.0,2.0,1.0,1.0,1548.0,0,1,1,0,0,1,0
125.0,0.0,1.0,0.0,1.0,2.0,0.0,2352.0,1,0,1,0,0,0,1
126.0,0.0,1.0,1.0,1.0,2.0,0.0,544.0,1,0,1,0,0,0,1
127.0,0.0,1.0,1.0,3.0,2.0,2.0,886.0,1,0,0,1,0,1,0
128.0,0.0,3.0,1.0,3.0,2.0,,248.0,1,0,0,1,0,1,0
129.0,0.0,1.0,1.0,1.0,2.0,0.0,2301.0,0,1,1,0,0,0,1
130.0,0.0,3.0,1.0,3.0,1.0,2.0,13.0,1,0,0,1,0,1,0
131.0,0.0,0.0,2.0,3.0,2.0,2.0,119.0,0,1,1,0,0,0,1
132.0,0.0,1.0,1.0,3.0,3.0,0.0,999.0,0,1,0,1,0,0,1
133.0,0.0,3.0,0.0,3.0,3.0,0.0,1841.0,1,0,1,0,0,0,1
134.0,0.0,1.0,1.0,1.0,1.0,0.0,1951.0,0,1,1,0,0,0,1
135.0,0.0,3.0,0.0,3.0,3.0,,694.0,1,0,0,1,0,1,0
136.0,0.0,3.0,3.0,3.0,3.0,2.0,166.0,0,1,0,1,0,1,0
137.0,0.0,1.0,1.0,3.0,3.0,0.0,252.0,0,1,1,0,0,0,1
138.0,0.0,1.0,1.0,3.0,3.0,2.0,368.0,1,0,1,0,0,0,1
139.0,0.0,2.0,1.0,3.0,2.0,2.0,1493.0,0,1,1,0,0,0,1
140.0,0.0,2.0,0.0,1.0,2.0,0.0,16.0,0,1,1,0,0,0,1
141.0,0.0,2.0,3.0,3.0,2.0,2.0,212.0,0,1,1,0,0,1,0
142.0,0.0,0.0,1.0,3.0,2.0,2.0,771.0,0,1,1,0,0,0,1
143.0,0.0,3.0,2.0,3.0,2.0,2.0,173.0,1,0,0,1,0,1,0
144.0,0.0,0.0,0.0,1.0,1.0,0.0,4080.0,0,1,1,0,0,0,1
145.0,0.0,3.0,1.0,1.0,2.0,0.0,182.0,1,0,1,0,0,0,1
146.0,0.0,1.0,0.0,2.0,2.0,1.0,248.0,1,0,1,0,0,0,1
147.0,0.0,0.0,0.0,1.0,1.0,0.0,3156.0,0,1,1,0,0,1,0
148.0,0.0,1.0,1.0,2.0,1.0,1.0,253.0,1,0,1,0,0,0,1
149.0,0.0,3.0,0.0,3.0,2.0,0.0,434.0,1,0,0,1,0,0,1
150.0,0.0,3.0,1.0,1.0,2.0,0.0,456.0,0,1,1,0,0,0,1
151.0,0.0,1.0,0.0,2.0,2.0,1.0,1721.0,1,0,1,0,0,0,1
152.0,0.0,3.0,0.0,1.0,2.0,0.0,2220.0,0,1,1,0,0,0,1
153.0,0.0,1.0,1.0,3.0,3.0,2.0,72.0,0,1,0,1,0,1,0
154.0,0.0,1.0,1.0,1.0,2.0,0.0,3694.0,1,0,1,0,0,0,1
155.0,0.0,0.0,1.0,3.0,3.0,0.0,204.0,0,1,1,0,0,0,1
156.0,0.0,1.0,2.0,1.0,2.0,0.0,3476.0,1,0,1,0,0,0,1
157.0,0.0,1.0,3.0,3.0,1.0,2.0,515.0,1,0,1,0,0,1,0
158.0,0.0,2.0,0.0,1.0,2.0,0.0,2044.0,0,1,1,0,0,0,1
159.0,0.0,2.0,0.0,3.0,1.0,2.0,805.0,0,1,1,0,0,1,0
160.0,0.0,0.0,0.0,1.0,1.0,0.0,1741.0,0,1,1,0,0,0,1
161.0,0.0,1.0,1.0,3.0,3.0,2.0,1052.0,0,1,1,0,0,1,0
162.0,0.0,1.0,1.0,1.0,1.0,0.0,974.0,1,0,1,0,0,0,1
163.0,0.0,3.0,3.0,3.0,2.0,2.0,522.0,0,1,1,0,0,1,0
164.0,0.0,1.0,0.0,1.0,1.0,0.0,4478.0,1,0,1,0,0,0,1
165.0,0.0,3.0,0.0,2.0,1.0,1.0,1095.0,0,1,1,0,0,0,1
166.0,0.0,1.0,1.0,3.0,2.0,2.0,3087.0,0,1,1,0,0,0,1
167.0,0.0,3.0,1.0,3.0,3.0,2.0,782.0,0,1,1,0,0,0,1
168.0,0.0,0.0,0.0,1.0,1.0,0.0,2513.0,0,1,1,0,0,0,1
169.0,0.0,1.0,1.0,1.0,2.0,0.0,3728.0,0,1,1,0,0,0,1
170.0,0.0,1.0,1.0,3.0,1.0,2.0,964.0,1,0,1,0,0,0,1
171.0,0.0,1.0,1.0,3.0,1.0,2.0,2192.0,1,0,1,0,0,0,1
172.0,0.0,1.0,1.0,3.0,3.0,2.0,652.0,1,0,1,0,0,0,1
173.0,0.0,1.0,1.0,1.0,1.0,0.0,2017.0,0,1,1,0,0,0,1
174.0,0.0,3.0,2.0,3.0,2.0,2.0,592.0,1,0,0,1,0,1,0
175.0,0.0,1.0,1.0,1.0,2.0,0.0,2901.0,1,0,1,0,0,0,1
176.0,0.0,3.0,0.0,1.0,1.0,0.0,243.0,1,0,1,0,0,0,1
177.0,0.0,3.0,1.0,3.0,2.0,,237.0,0,1,0,1,0,1,0
178.0,0.0,1.0,1.0,1.0,2.0,0.0,199.0,0,1,1,0,0,1,0
179.0,0.0,3.0,3.0,3.0,,,303.0,0,1,0,1,0,1,0
180.0,0.0,3.0,3.0,3.0,3.0,1.0,294.0,0,1,1,0,0,1,0
181.0,0.0,3.0,3.0,3.0,3.0,2.0,122.0,1,0,0,1,0,1,0
182.0,0.0,3.0,3.0,3.0,2.0,2.0,395.0,1,0,1,0,0,1,0
183.0,0.0,1.0,1.0,3.0,3.0,2.0,263.0,1,0,1,0,0,0,1
184.0,0.0,3.0,3.0,3.0,1.0,,150.0,1,0,0,1,0,1,0
185.0,0.0,3.0,2.0,3.0,3.0,1.0,535.0,1,0,1,0,0,0,1
186.0,0.0,1.0,1.0,2.0,1.0,1.0,2588.0,1,0,1,0,0,0,1
187.0,0.0,1.0,1.0,3.0,2.0,2.0,1515.0,1,0,0,1,0,1,0
188.0,0.0,1.0,1.0,1.0,1.0,0.0,2337.0,1,0,1,0,0,0,1
189.0,0.0,3.0,0.0,3.0,2.0,2.0,4.0,1,0,0,1,0,1,0
190.0,0.0,1.0,1.0,1.0,1.0,0.0,2197.0,0,1,1,0,0,0,1
191.0,0.0,1.0,1.0,1.0,1.0,0.0,1218.0,1,0,1,0,0,1,0
192.0,0.0,3.0,1.0,1.0,2.0,0.0,1643.0,0,1,1,0,0,0,1
193.0,0.0,1.0,3.0,3.0,2.0,2.0,161.0,0,1,0,1,0,1,0
194.0,0.0,1.0,0.0,2.0,1.0,1.0,2052.0,1,0,1,0,0,0,1
195.0,0.0,1.0,1.0,3.0,2.0,2.0,596.0,0,1,1,0,0,0,1
196.0,0.0,1.0,3.0,3.0,2.0,0.0,86.0,1,0,0,1,0,1,0
197.0,0.0,3.0,3.0,3.0,2.0,1.0,38.0,1,0,0,1,0,1,0
198.0,0.0,0.0,0.0,1.0,1.0,0.0,3723.0,0,1,1,0,0,0,1
199.0,0.0,0.0,3.0,3.0,2.0,2.0,504.0,0,1,1,0,0,1,0
200.0,0.0,3.0,1.0,1.0,2.0,0.0,1491.0,1,0,1,0,0,0,1
201.0,0.0,3.0,2.0,3.0,3.0,0.0,21.0,1,0,1,0,0,1,0
202.0,0.0,3.0,0.0,3.0,3.0,2.0,46.0,1,0,1,0,0,1,0
203.0,0.0,3.0,3.0,3.0,3.0,,155.0,1,0,1,0,0,1,0
204.0,0.0,1.0,0.0,1.0,2.0,0.0,1043.0,1,0,1,0,0,0,1
205.0,0.0,3.0,3.0,3.0,2.0,2.0,193.0,1,0,1,0,0,1,0
206.0,0.0,1.0,3.0,3.0,2.0,2.0,260.0,0,1,1,0,0,1,0
207.0,0.0,1.0,1.0,1.0,1.0,0.0,3053.0,1,0,1,0,0,0,1
208.0,0.0,3.0,1.0,3.0,2.0,2.0,110.0,0,1,1,0,0,0,1
209.0,0.0,1.0,1.0,1.0,1.0,0.0,2629.0,1,0,1,0,0,0,1
210.0,0.0,1.0,0.0,2.0,2.0,1.0,318.0,1,0,1,0,0,0,1
211.0,0.0,1.0,1.0,1.0,2.0,0.0,2306.0,1,0,1,0,0,0,1
212.0,0.0,3.0,3.0,3.0,2.0,2.0,75.0,0,1,0,1,0,1,0
213.0,0.0,3.0,1.0,3.0,2.0,2.0,38.0,1,0,0,1,0,1,0
214.0,0.0,1.0,1.0,1.0,2.0,0.0,466.0,0,1,1,0,0,0,1
215.0,0.0,1.0,1.0,1.0,2.0,0.0,3197.0,1,0,1,0,0,0,1
216.0,0.0,1.0,1.0,3.0,3.0,0.0,49.0,0,1,0,1,0,1,0
217.0,0.0,3.0,1.0,3.0,2.0,0.0,242.0,0,1,0,1,0,1,0
218.0,0.0,0.0,0.0,1.0,1.0,0.0,1250.0,0,1,1,0,0,0,1
219.0,0.0,3.0,0.0,1.0,2.0,0.0,505.0,1,0,1,0,0,0,1
220.0,0.0,1.0,1.0,1.0,1.0,0.0,2994.0,0,1,1,0,0,0,1
221.0,0.0,1.0,1.0,1.0,1.0,0.0,849.0,0,1,1,0,0,0,1
222.0,0.0,1.0,2.0,3.0,2.0,,436.0,1,0,0,1,0,1,0
223.0,0.0,1.0,1.0,1.0,1.0,0.0,2723.0,0,1,1,0,0,0,1
224.0,0.0,3.0,3.0,3.0,3.0,2.0,977.0,1,0,1,0,0,1,0
225.0,0.0,3.0,0.0,3.0,3.0,2.0,242.0,0,1,0,1,0,1,0
226.0,0.0,0.0,0.0,3.0,3.0,0.0,648.0,0,1,1,0,0,0,1
227.0,0.0,3.0,2.0,3.0,2.0,2.0,28.0,0,1,0,1,0,1,0
228.0,0.0,3.0,1.0,3.0,1.0,2.0,45.0,1,0,0,1,0,1,0
229.0,0.0,1.0,1.0,3.0,2.0,2.0,396.0,1,0,1,0,0,0,1
230.0,0.0,1.0,1.0,1.0,1.0,0.0,2151.0,1,0,1,0,0,0,1
231.0,0.0,1.0,1.0,2.0,2.0,1.0,542.0,1,0,1,0,0,0,1
232.0,0.0,3.0,1.0,3.0,2.0,0.0,77.0,0,1,0,1,0,1,0
233.0,0.0,0.0,1.0,1.0,2.0,0.0,451.0,0,1,1,0,0,0,1
234.0,0.0,1.0,1.0,3.0,3.0,2.0,880.0,0,1,1,0,0,1,0
235.0,0.0,3.0,3.0,3.0,3.0,2.0,195.0,0,1,1,0,0,1,0
236.0,0.0,3.0,0.0,1.0,2.0,0.0,1764.0,0,1,1,0,0,0,1
237.0,0.0,1.0,1.0,3.0,3.0,0.0,891.0,0,1,1,0,0,0,1
238.0,0.0,1.0,1.0,3.0,3.0,1.0,543.0,0,1,1,0,0,1,0
239.0,0.0,1.0,1.0,1.0,2.0,0.0,2360.0,1,0,1,0,0,0,1
240.0,0.0,1.0,1.0,2.0,2.0,1.0,696.0,1,0,1,0,0,0,1
241.0,0.0,3.0,3.0,3.0,3.0,2.0,182.0,0,1,1,0,0,1,0
242.0,0.0,1.0,3.0,1.0,1.0,0.0,3266.0,0,1,1,0,0,0,1
243.0,0.0,1.0,1.0,2.0,2.0,1.0,171.0,0,1,1,0,0,0,1
244.0,0.0,1.0,1.0,1.0,1.0,0.0,2063.0,1,0,1,0,0,0,1
245.0,0.0,1.0,3.0,3.0,2.0,2.0,306.0,0,1,1,0,0,1,0
246.0,0.0,3.0,0.0,1.0,1.0,0.0,2129.0,1,0,1,0,0,0,1
247.0,0.0,3.0,1.0,3.0,3.0,2.0,1807.0,0,1,1,0,0,1,0
248.0,0.0,1.0,1.0,1.0,1.0,0.0,2975.0,1,0,1,0,0,0,1
249.0,0.0,0.0,0.0,1.0,1.0,0.0,1556.0,0,1,1,0,0,0,1
250.0,0.0,3.0,2.0,3.0,1.0,2.0,42.0,0,1,1,0,0,1,0
251.0,0.0,1.0,1.0,3.0,1.0,2.0,2817.0,1,0,1,0,0,0,1
252.0,0.0,0.0,0.0,3.0,3.0,1.0,1364.0,0,1,1,0,0,0,1
253.0,0.0,1.0,2.0,3.0,2.0,2.0,475.0,1,0,1,0,0,0,1
254.0,0.0,1.0,1.0,1.0,1.0,0.0,2289.0,0,1,1,0,0,0,1
255.0,0.0,2.0,0.0,3.0,2.0,1.0,165.0,0,1,0,1,0,1,0
256.0,0.0,1.0,1.0,1.0,2.0,0.0,1172.0,0,1,1,0,0,0,1
257.0,0.0,3.0,1.0,3.0,3.0,2.0,259.0,0,1,1,0,0,0,1
258.0,0.0,2.0,1.0,2.0,2.0,1.0,1588.0,0,1,1,0,0,0,1
259.0,0.0,3.0,0.0,1.0,2.0,0.0,2464.0,1,0,1,0,0,0,1
260.0,0.0,3.0,1.0,3.0,3.0,1.0,26.0,0,1,0,1,0,1,0
261.0,0.0,3.0,3.0,3.0,2.0,2.0,255.0,1,0,0,1,0,1,0
262.0,0.0,0.0,0.0,2.0,1.0,1.0,3330.0,0,1,1,0,0,0,1
263.0,0.0,1.0,1.0,1.0,1.0,0.0,2704.0,0,1,1,0,0,0,1
264.0,0.0,2.0,3.0,3.0,2.0,2.0,493.0,0,1,1,0,0,1,0
265.0,0.0,3.0,1.0,1.0,1.0,0.0,1359.0,1,0,1,0,0,0,1
266.0,0.0,1.0,1.0,3.0,3.0,2.0,690.0,1,0,1,0,0,1,0
267.0,0.0,0.0,0.0,1.0,1.0,0.0,1694.0,0,1,1,0,0,0,1
268.0,0.0,1.0,0.0,1.0,2.0,0.0,1657.0,1,0,1,0,0,0,1
269.0,0.0,1.0,0.0,3.0,1.0,,115.0,1,0,0,1,0,1,0
270.0,0.0,1.0,1.0,1.0,1.0,0.0,3800.0,1,0,1,0,0,0,1
271.0,0.0,1.0,0.0,2.0,2.0,1.0,3239.0,0,1,1,0,0,0,1
272.0,0.0,1.0,1.0,3.0,3.0,0.0,2628.0,0,1,1,0,0,0,1
273.0,0.0,3.0,0.0,3.0,1.0,2.0,1582.0,0,1,1,0,0,0,1
274.0,0.0,1.0,0.0,2.0,2.0,1.0,655.0,0,1,1,0,0,0,1
275.0,0.0,1.0,0.0,1.0,2.0,0.0,1588.0,1,0,1,0,0,0,1
276.0,0.0,2.0,0.0,3.0,2.0,2.0,324.0,0,1,1,0,0,1,0
277.0,0.0,1.0,0.0,3.0,3.0,2.0,108.0,1,0,0,1,0,1,0
278.0,0.0,1.0,0.0,3.0,2.0,2.0,882.0,1,0,1,0,0,0,1
279.0,0.0,0.0,0.0,1.0,1.0,0.0,4130.0,0,1,1,0,0,0,1
280.0,0.0,3.0,0.0,3.0,2.0,2.0,106.0,1,0,1,0,0,1,0
281.0,0.0,1.0,1.0,1.0,1.0,0.0,2772.0,0,1,1,0,0,0,1
282.0,0.0,2.0,0.0,3.0,3.0,2.0,241.0,0,1,1,0,0,0,1
283.0,0.0,2.0,3.0,3.0,3.0,2.0,183.0,0,1,0,1,0,1,0
284.0,0.0,1.0,0.0,3.0,1.0,2.0,853.0,1,0,1,0,0,0,1
285.0,0.0,1.0,1.0,1.0,1.0,0.0,3780.0,1,0,1,0,0,0,1
286.0,0.0,1.0,2.0,3.0,3.0,0.0,70.0,1,0,1,0,0,0,1
287.0,0.0,1.0,1.0,1.0,1.0,0.0,2309.0,1,0,1,0,0,0,1
288.0,0.0,3.0,1.0,3.0,3.0,2.0,67.0,0,1,0,1,0,1,0
289.0,0.0,3.0,3.0,3.0,2.0,1.0,10.0,0,1,0,1,0,1,0
290.0,0.0,1.0,1.0,1.0,1.0,0.0,3683.0,1,0,1,0,0,0,1
291.0,0.0,3.0,0.0,3.0,3.0,0.0,144.0,1,0,1,0,0,0,1
292.0,0.0,1.0,0.0,2.0,2.0,1.0,375.0,0,1,1,0,0,0,1
293.0,0.0,1.0,1.0,1.0,1.0,0.0,1441.0,1,0,1,0,0,0,1
294.0,1.0,2.0,0.0,1.0,1.0,0.0,481.0,0,1,1,0,0,0,1
295.0,1.0,1.0,2.0,1.0,2.0,0.0,1943.0,0,1,1,0,0,0,1
296.0,1.0,3.0,2.0,3.0,3.0,0.0,531.0,0,1,1,0,0,1,0
297.0,1.0,3.0,1.0,3.0,2.0,1.0,1862.0,0,1,0,1,0,1,0
298.0,1.0,0.0,0.0,1.0,1.0,0.0,1740.0,0,1,1,0,0,0,1
299.0,1.0,3.0,2.0,3.0,3.0,2.0,1808.0,0,1,0,1,0,1,0
300.0,1.0,0.0,0.0,1.0,1.0,0.0,977.0,0,1,1,0,0,0,1
301.0,1.0,3.0,0.0,2.0,1.0,1.0,941.0,0,1,1,0,0,0,1
302.0,1.0,3.0,0.0,1.0,1.0,0.0,2054.0,0,1,1,0,0,0,1
303.0,1.0,0.0,0.0,1.0,1.0,0.0,772.0,0,1,1,0,0,1,0
304.0,1.0,1.0,2.0,1.0,2.0,0.0,844.0,0,1,1,0,0,0,1
305.0,1.0,3.0,3.0,3.0,3.0,1.0,194.0,0,1,0,1,0,1,0
306.0,1.0,1.0,0.0,1.0,1.0,0.0,731.0,0,1,1,0,0,0,1
307.0,1.0,3.0,0.0,3.0,2.0,0.0,1781.0,0,1,0,1,0,1,0
308.0,1.0,1.0,0.0,3.0,1.0,2.0,1336.0,0,1,1,0,0,1,0
309.0,1.0,1.0,3.0,3.0,3.0,2.0,117.0,0,1,1,0,0,1,0
310.0,1.0,1.0,1.0,3.0,1.0,2.0,479.0,0,1,1,0,0,0,1
311.0,1.0,1.0,1.0,3.0,1.0,2.0,2028.0,0,1,1,0,0,0,1
312.0,1.0,1.0,1.0,1.0,1.0,0.0,1719.0,0,1,1,0,0,0,1
313.0,1.0,3.0,0.0,1.0,1.0,0.0,2189.0,0,1,1,0,0,0,1
314.0,1.0,3.0,1.0,2.0,2.0,1.0,1104.0,0,1,1,0,0,0,1
315.0,1.0,2.0,0.0,3.0,3.0,0.0,1402.0,0,1,1,0,0,1,0
316.0,1.0,1.0,1.0,1.0,2.0,0.0,233.0,0,1,1,0,0,0,1
317.0,1.0,3.0,1.0,1.0,1.0,0.0,471.0,0,1,1,0,0,0,1
318.0,1.0,2.0,1.0,1.0,2.0,0.0,602.0,0,1,1,0,0,0,1
319.0,1.0,0.0,0.0,2.0,1.0,1.0,125.0,0,1,1,0,0,0,1
320.0,1.0,3.0,3.0,2.0,1.0,1.0,192.0,0,1,1,0,0,0,1
321.0,1.0,0.0,0.0,1.0,2.0,0.0,359.0,0,1,1,0,0,0,1
322.0,1.0,0.0,0.0,1.0,1.0,0.0,1451.0,0,1,1,0,0,0,1
323.0,1.0,1.0,3.0,3.0,3.0,2.0,2203.0,0,1,1,0,0,1,0
324.0,1.0,0.0,0.0,1.0,1.0,0.0,1853.0,0,1,1,0,0,0,1
325.0,1.0,1.0,0.0,1.0,2.0,0.0,2176.0,0,1,1,0,0,0,1
326.0,1.0,3.0,1.0,3.0,1.0,1.0,690.0,0,1,0,1,0,1,0
327.0,1.0,3.0,1.0,3.0,1.0,2.0,2169.0,0,1,1,0,0,0,1
328.0,1.0,1.0,0.0,3.0,2.0,2.0,2168.0,0,1,1,0,0,0,1
329.0,1.0,1.0,0.0,1.0,1.0,0.0,1334.0,0,1,1,0,0,0,1
330.0,1.0,1.0,3.0,1.0,1.0,0.0,1945.0,0,1,1,0,0,1,0
331.0,1.0,3.0,0.0,1.0,2.0,0.0,440.0,0,1,1,0,0,1,0
332.0,1.0,2.0,0.0,1.0,2.0,0.0,1085.0,0,1,1,0,0,0,1
333.0,1.0,1.0,2.0,3.0,3.0,2.0,1178.0,0,1,1,0,0,0,1
334.0,1.0,1.0,3.0,1.0,2.0,0.0,1454.0,0,1,1,0,0,1,0
335.0,1.0,1.0,2.0,2.0,1.0,1.0,1602.0,0,1,1,0,0,0,1
336.0,1.0,1.0,1.0,1.0,1.0,0.0,1535.0,0,1,1,0,0,0,1
337.0,1.0,3.0,0.0,3.0,2.0,2.0,1922.0,0,1,1,0,0,1,0
338.0,1.0,3.0,1.0,3.0,3.0,2.0,1617.0,0,1,1,0,0,1,0
339.0,1.0,0.0,0.0,1.0,1.0,0.0,1343.0,0,1,1,0,0,0,1
340.0,1.0,1.0,1.0,1.0,1.0,0.0,842.0,0,1,1,0,0,0,1
341.0,1.0,1.0,1.0,1.0,1.0,0.0,972.0,0,1,1,0,0,0,1
342.0,1.0,1.0,2.0,1.0,2.0,0.0,623.0,0,1,1,0,0,0,1
343.0,1.0,3.0,3.0,1.0,2.0,0.0,1550.0,0,1,1,0,0,0,1
344.0,1.0,1.0,0.0,1.0,2.0,0.0,335.0,0,1,1,0,0,0,1
345.0,1.0,0.0,0.0,1.0,1.0,0.0,1221.0,0,1,1,0,0,0,1
346.0,1.0,3.0,0.0,3.0,2.0,2.0,1872.0,0,1,1,0,0,0,1
347.0,1.0,1.0,0.0,1.0,1.0,0.0,631.0,0,1,1,0,0,0,1
348.0,1.0,3.0,1.0,3.0,2.0,0.0,1845.0,0,1,0,1,0,1,0
349.0,1.0,3.0,0.0,3.0,3.0,2.0,2191.0,0,1,1,0,0,0,1
350.0,1.0,3.0,0.0,1.0,2.0,0.0,1137.0,0,1,1,0,0,0,1
351.0,1.0,0.0,0.0,1.0,1.0,0.0,366.0,0,1,1,0,0,0,1
352.0,1.0,1.0,3.0,3.0,1.0,2.0,1331.0,0,1,1,0,0,1,0
353.0,1.0,3.0,3.0,1.0,2.0,0.0,2001.0,0,1,1,0,0,1,0
354.0,1.0,2.0,0.0,2.0,2.0,1.0,236.0,0,1,1,0,0,0,1
355.0,1.0,1.0,2.0,1.0,1.0,0.0,964.0,0,1,1,0,0,0,1
356.0,1.0,1.0,3.0,3.0,3.0,2.0,1841.0,0,1,1,0,0,1,0
357.0,1.0,1.0,2.0,1.0,1.0,0.0,1796.0,0,1,1,0,0,0,1
358.0,1.0,0.0,0.0,1.0,1.0,0.0,124.0,0,1,1,0,0,0,1
359.0,1.0,0.0,2.0,2.0,2.0,1.0,239.0,0,1,1,0,0,0,1
360.0,1.0,1.0,0.0,2.0,2.0,1.0,1456.0,0,1,1,0,0,0,1
361.0,1.0,3.0,1.0,3.0,1.0,2.0,1886.0,0,1,1,0,0,0,1
362.0,1.0,1.0,2.0,1.0,1.0,0.0,1573.0,0,1,1,0,0,0,1
363.0,1.0,3.0,1.0,3.0,2.0,2.0,2107.0,0,1,0,1,0,1,0
364.0,1.0,3.0,2.0,3.0,2.0,2.0,1159.0,0,1,0,1,0,1,0
365.0,1.0,1.0,3.0,3.0,2.0,2.0,719.0,0,1,0,1,0,1,0
366.0,1.0,1.0,1.0,3.0,3.0,0.0,2091.0,0,1,1,0,0,0,1
367.0,1.0,3.0,2.0,3.0,2.0,2.0,140.0,0,1,0,1,0,1,0
368.0,1.0,1.0,4.0,1.0,1.0,0.0,1336.0,0,1,1,0,0,0,1
369.0,1.0,3.0,2.0,3.0,3.0,2.0,1143.0,0,1,1,0,0,0,1
370.0,1.0,0.0,0.0,1.0,1.0,0.0,1831.0,0,1,1,0,0,0,1
371.0,1.0,1.0,1.0,2.0,1.0,1.0,480.0,0,1,1,0,0,0,1
372.0,1.0,0.0,0.0,3.0,2.0,0.0,489.0,0,1,0,1,0,1,0
373.0,1.0,1.0,3.0,1.0,1.0,0.0,1211.0,0,1,1,0,0,0,1
374.0,1.0,3.0,1.0,3.0,3.0,0.0,2187.0,0,1,0,1,0,1,0
375.0,1.0,3.0,2.0,3.0,3.0,2.0,2171.0,0,1,0,1,0,1,0
376.0,1.0,1.0,0.0,1.0,1.0,0.0,1694.0,0,1,1,0,0,0,1
377.0,1.0,1.0,0.0,1.0,2.0,0.0,603.0,0,1,1,0,0,0,1
378.0,1.0,3.0,0.0,3.0,3.0,0.0,2002.0,0,1,1,0,0,1,0
379.0,1.0,3.0,1.0,1.0,1.0,0.0,1730.0,0,1,1,0,0,0,1
380.0,1.0,1.0,1.0,3.0,2.0,2.0,115.0,0,1,1,0,0,0,1
381.0,1.0,1.0,2.0,2.0,1.0,1.0,828.0,0,1,1,0,0,0,1
382.0,1.0,3.0,3.0,3.0,3.0,2.0,1093.0,0,1,0,1,0,1,0
383.0,1.0,3.0,2.0,3.0,3.0,0.0,2041.0,0,1,0,1,0,1,0
384.0,1.0,1.0,3.0,1.0,1.0,0.0,754.0,0,1,1,0,0,0,1
385.0,1.0,3.0,3.0,3.0,3.0,2.0,2110.0,0,1,1,0,0,1,0
386.0,1.0,0.0,0.0,1.0,1.0,0.0,741.0,0,1,1,0,0,0,1
387.0,1.0,1.0,3.0,3.0,3.0,2.0,1220.0,0,1,1,0,0,1,0
388.0,1.0,1.0,2.0,1.0,1.0,0.0,367.0,0,1,1,0,0,0,1
389.0,1.0,1.0,3.0,2.0,2.0,1.0,1943.0,0,1,1,0,0,1,0
390.0,1.0,1.0,0.0,3.0,2.0,2.0,1815.0,0,1,0,1,0,1,0
391.0,1.0,0.0,1.0,1.0,2.0,0.0,1702.0,0,1,1,0,0,1,0
392.0,1.0,3.0,3.0,3.0,3.0,0.0,631.0,0,1,0,1,0,1,0
393.0,1.0,3.0,3.0,3.0,3.0,2.0,1599.0,0,1,1,0,0,1,0
394.0,1.0,3.0,1.0,3.0,1.0,2.0,2382.0,0,1,0,1,0,1,0
395.0,1.0,3.0,2.0,1.0,2.0,0.0,1760.0,0,1,1,0,0,1,0
396.0,1.0,1.0,3.0,3.0,3.0,2.0,755.0,0,1,1,0,0,0,1
397.0,1.0,1.0,3.0,3.0,1.0,2.0,1583.0,0,1,0,1,0,1,0
398.0,1.0,1.0,3.0,1.0,2.0,0.0,1559.0,0,1,1,0,0,1,0
399.0,1.0,3.0,1.0,3.0,3.0,0.0,1944.0,0,1,0,1,0,1,0
400.0,1.0,1.0,3.0,3.0,2.0,2.0,1578.0,0,1,1,0,0,1,0
401.0,1.0,1.0,0.0,3.0,2.0,0.0,2128.0,0,1,0,1,0,1,0
402.0,1.0,0.0,0.0,1.0,1.0,0.0,493.0,0,1,1,0,0,0,1
403.0,1.0,3.0,3.0,3.0,3.0,1.0,985.0,0,1,0,1,0,1,0
404.0,1.0,3.0,2.0,3.0,2.0,2.0,797.0,0,1,1,0,0,0,1
405.0,1.0,3.0,3.0,3.0,2.0,2.0,1330.0,0,1,0,1,0,1,0
406.0,1.0,3.0,1.0,3.0,2.0,0.0,2042.0,0,1,0,1,0,1,0
407.0,1.0,3.0,1.0,1.0,1.0,0.0,2155.0,0,1,1,0,0,0,1
408.0,1.0,1.0,3.0,2.0,1.0,1.0,598.0,0,1,1,0,0,1,0
409.0,1.0,3.0,3.0,3.0,2.0,0.0,2376.0,0,1,0,1,0,1,0
410.0,1.0,3.0,0.0,3.0,3.0,2.0,502.0,0,1,1,0,0,0,1
411.0,1.0,1.0,3.0,1.0,1.0,0.0,609.0,0,1,1,0,0,0,1
412.0,1.0,3.0,1.0,1.0,1.0,0.0,2174.0,0,1,1,0,0,0,1
413.0,1.0,0.0,0.0,1.0,1.0,0.0,2006.0,0,1,1,0,0,0,1
414.0,1.0,3.0,0.0,1.0,1.0,0.0,1592.0,0,1,1,0,0,0,1
415.0,1.0,1.0,1.0,2.0,1.0,1.0,2141.0,0,1,1,0,0,0,1
416.0,1.0,1.0,2.0,2.0,1.0,1.0,1105.0,0,1,1,0,0,0,1
417.0,1.0,1.0,0.0,1.0,2.0,0.0,1823.0,0,1,1,0,0,0,1
418.0,1.0,3.0,1.0,1.0,1.0,0.0,2178.0,0,1,1,0,0,0,1
419.0,1.0,1.0,0.0,1.0,2.0,0.0,847.0,0,1,1,0,0,0,1
420.0,1.0,3.0,3.0,3.0,2.0,0.0,163.0,0,1,0,1,0,1,0
421.0,1.0,3.0,3.0,3.0,3.0,2.0,774.0,0,1,1,0,0,1,0
422.0,1.0,3.0,3.0,3.0,3.0,2.0,1494.0,0,1,1,0,0,1,0
423.0,1.0,3.0,3.0,3.0,3.0,2.0,1488.0,0,1,0,1,0,1,0
424.0,1.0,1.0,0.0,3.0,3.0,0.0,1852.0,0,1,1,0,0,0,1
425.0,1.0,3.0,1.0,1.0,1.0,0.0,1799.0,0,1,1,0,0,0,1
426.0,1.0,1.0,1.0,3.0,3.0,1.0,2190.0,0,1,0,1,0,1,0
427.0,1.0,2.0,3.0,1.0,2.0,0.0,1937.0,0,1,1,0,0,1,0
428.0,1.0,1.0,1.0,1.0,1.0,0.0,954.0,0,1,1,0,0,0,1
429.0,1.0,1.0,0.0,2.0,1.0,1.0,1218.0,0,1,1,0,0,0,1
430.0,1.0,3.0,1.0,3.0,3.0,2.0,2148.0,0,1,0,1,0,1,0
431.0,1.0,3.0,0.0,3.0,2.0,0.0,1881.0,0,1,0,1,0,1,0
432.0,1.0,1.0,2.0,1.0,1.0,0.0,54.0,0,1,1,0,0,0,1
433.0,1.0,1.0,1.0,3.0,1.0,2.0,743.0,0,1,1,0,0,0,1
434.0,1.0,1.0,3.0,1.0,2.0,0.0,1208.0,0,1,1,0,0,1,0
435.0,1.0,1.0,1.0,1.0,1.0,0.0,1992.0,0,1,1,0,0,0,1
436.0,1.0,3.0,0.0,2.0,2.0,1.0,2540.0,0,1,1,0,0,0,1
437.0,1.0,1.0,3.0,3.0,2.0,0.0,1329.0,0,1,0,1,0,1,0
438.0,1.0,3.0,0.0,3.0,1.0,1.0,1720.0,0,1,0,1,0,0,1
439.0,1.0,1.0,2.0,2.0,1.0,1.0,1471.0,0,1,1,0,0,0,1
440.0,1.0,1.0,1.0,1.0,1.0,0.0,1945.0,0,1,1,0,0,0,1
441.0,1.0,3.0,1.0,1.0,1.0,0.0,2105.0,0,1,1,0,0,0,1
442.0,1.0,1.0,0.0,2.0,2.0,1.0,1844.0,0,1,1,0,0,0,1
443.0,1.0,3.0,1.0,1.0,2.0,0.0,1936.0,0,1,1,0,0,1,0
444.0,1.0,3.0,3.0,3.0,1.0,0.0,2500.0,0,1,0,1,0,1,0
445.0,1.0,3.0,3.0,3.0,3.0,,95.0,1,0,1,0,0,1,0
446.0,1.0,3.0,3.0,3.0,3.0,,381.0,1,0,0,1,0,1,0
447.0,1.0,3.0,2.0,2.0,1.0,1.0,1046.0,1,0,1,0,0,0,1
448.0,1.0,3.0,0.0,3.0,3.0,,856.0,1,0,1,0,0,1,0
449.0,1.0,3.0,3.0,3.0,3.0,,2480.0,1,0,1,0,0,1,0
450.0,1.0,3.0,2.0,3.0,3.0,,2532.0,1,0,0,1,0,1,0
451.0,1.0,3.0,3.0,3.0,3.0,,2407.0,1,0,0,1,0,1,0
452.0,1.0,3.0,2.0,3.0,3.0,,2150.0,1,0,0,1,0,1,0
453.0,1.0,3.0,1.0,3.0,2.0,2.0,811.0,1,0,1,0,0,1,0
454.0,1.0,3.0,3.0,3.0,3.0,,1856.0,1,0,0,1,0,1,0
455.0,1.0,3.0,3.0,3.0,3.0,,1569.0,1,0,1,0,0,1,0
456.0,1.0,3.0,0.0,3.0,3.0,,2512.0,1,0,0,1,0,1,0
457.0,1.0,3.0,2.0,3.0,1.0,1.0,2287.0,1,0,0,1,0,1,0
458.0,1.0,3.0,1.0,3.0,3.0,,684.0,1,0,1,0,0,0,1
459.0,1.0,3.0,3.0,3.0,2.0,2.0,1836.0,1,0,0,1,0,1,0
460.0,1.0,3.0,0.0,3.0,3.0,,1260.0,1,0,1,0,0,0,1
461.0,1.0,3.0,3.0,3.0,3.0,,1850.0,1,0,1,0,0,1,0
462.0,1.0,3.0,3.0,3.0,2.0,2.0,2190.0,1,0,0,1,0,1,0
463.0,1.0,3.0,2.0,3.0,3.0,,2069.0,1,0,0,1,0,1,0
464.0,1.0,3.0,0.0,3.0,2.0,2.0,1095.0,1,0,0,1,0,1,0
465.0,1.0,3.0,3.0,1.0,1.0,0.0,113.0,1,0,1,0,0,1,0
466.0,1.0,3.0,3.0,3.0,2.0,2.0,450.0,1,0,0,1,0,1,0
467.0,1.0,3.0,0.0,2.0,1.0,1.0,2555.0,1,0,1,0,0,1,0
468.0,1.0,3.0,3.0,3.0,3.0,,565.0,1,0,0,1,0,1,0
469.0,1.0,3.0,0.0,3.0,2.0,2.0,1180.0,1,0,0,1,0,1,0
470.0,1.0,3.0,1.0,2.0,1.0,1.0,2483.0,1,0,1,0,0,0,1
471.0,1.0,3.0,1.0,3.0,3.0,,1665.0,1,0,0,1,0,1,0
472.0,1.0,3.0,3.0,3.0,2.0,2.0,1939.0,1,0,1,0,0,0,1
473.0,1.0,3.0,1.0,3.0,2.0,2.0,2415.0,1,0,1,0,0,0,1
474.0,1.0,3.0,3.0,3.0,2.0,2.0,2521.0,1,0,0,1,0,1,0
475.0,1.0,3.0,0.0,2.0,1.0,1.0,1875.0,1,0,1,0,0,0,1
476.0,1.0,3.0,4.0,3.0,3.0,,2210.0,1,0,1,0,0,1,0
477.0,1.0,3.0,0.0,1.0,1.0,0.0,819.0,1,0,1,0,0,0,1
478.0,1.0,3.0,1.0,3.0,2.0,2.0,848.0,1,0,1,0,0,0,1
479.0,1.0,3.0,1.0,2.0,1.0,1.0,2429.0,1,0,1,0,0,0,1
480.0,1.0,3.0,0.0,3.0,2.0,2.0,2125.0,1,0,1,0,0,0,1
481.0,1.0,3.0,0.0,3.0,3.0,,449.0,1,0,1,0,0,0,1
482.0,1.0,3.0,0.0,3.0,3.0,,2363.0,1,0,1,0,0,1,0
483.0,1.0,3.0,2.0,2.0,1.0,1.0,2288.0,1,0,1,0,0,0,1
484.0,1.0,3.0,1.0,2.0,1.0,1.0,1125.0,1,0,1,0,0,0,1
485.0,1.0,3.0,1.0,3.0,3.0,,1085.0,1,0,1,0,0,1,0
486.0,1.0,3.0,1.0,3.0,3.0,,1311.0,1,0,0,1,0,1,0
487.0,1.0,3.0,2.0,2.0,1.0,1.0,1284.0,1,0,1,0,0,0,1
488.0,1.0,3.0,2.0,3.0,2.0,2.0,1542.0,1,0,1,0,0,1,0
489.0,1.0,3.0,0.0,3.0,2.0,2.0,1616.0,1,0,1,0,0,1,0
490.0,1.0,3.0,3.0,2.0,1.0,1.0,2356.0,1,0,1,0,0,1,0
491.0,1.0,3.0,2.0,3.0,2.0,2.0,1608.0,1,0,1,0,0,0,1
492.0,1.0,3.0,0.0,2.0,1.0,1.0,2430.0,1,0,1,0,0,1,0
493.0,1.0,3.0,2.0,3.0,3.0,,2373.0,1,0,0,1,0,1,0
494.0,1.0,3.0,3.0,3.0,3.0,,921.0,1,0,0,1,0,1,0
495.0,1.0,3.0,0.0,3.0,2.0,2.0,1266.0,1,0,1,0,0,0,1
496.0,1.0,3.0,1.0,3.0,3.0,,1682.0,1,0,1,0,0,1,0
497.0,1.0,3.0,2.0,3.0,3.0,,1356.0,1,0,1,0,0,0,1
498.0,1.0,3.0,0.0,3.0,3.0,,1708.0,1,0,0,1,0,1,0
499.0,1.0,3.0,0.0,3.0,3.0,,2468.0,1,0,0,1,0,1,0
500.0,1.0,3.0,0.0,3.0,3.0,,2084.0,1,0,0,1,0,1,0
501.0,1.0,3.0,0.0,2.0,1.0,1.0,1644.0,1,0,1,0,0,0,1
502.0,1.0,3.0,0.0,3.0,2.0,2.0,1119.0,1,0,0,1,0,1,0
503.0,1.0,3.0,0.0,3.0,3.0,,801.0,1,0,1,0,0,0,1
504.0,1.0,3.0,0.0,3.0,2.0,2.0,2270.0,1,0,1,0,0,0,1
505.0,1.0,3.0,2.0,3.0,2.0,2.0,645.0,1,0,0,1,0,1,0
506.0,1.0,3.0,1.0,3.0,3.0,,1786.0,1,0,0,1,0,1,0
507.0,1.0,3.0,0.0,3.0,3.0,,2057.0,1,0,1,0,0,1,0
508.0,1.0,3.0,1.0,3.0,3.0,,2523.0,1,0,0,1,0,1,0
509.0,1.0,3.0,3.0,3.0,2.0,2.0,2539.0,1,0,1,0,0,1,0
510.0,1.0,3.0,3.0,3.0,3.0,,2398.0,1,0,1,0,0,1,0
511.0,1.0,3.0,1.0,2.0,1.0,1.0,2444.0,1,0,1,0,0,0,1
512.0,1.0,3.0,2.0,3.0,1.0,0.0,1668.0,1,0,0,1,0,1,0
513.0,1.0,3.0,3.0,1.0,1.0,0.0,1909.0,1,0,1,0,0,1,0
514.0,1.0,3.0,1.0,3.0,2.0,2.0,849.0,1,0,1,0,0,1,0
515.0,1.0,3.0,3.0,3.0,3.0,,2353.0,1,0,0,1,0,1,0
516.0,1.0,3.0,3.0,3.0,2.0,2.0,1511.0,1,0,0,1,0,1,0
517.0,1.0,3.0,2.0,3.0,2.0,2.0,1675.0,1,0,0,1,0,1,0
518.0,1.0,3.0,0.0,2.0,1.0,1.0,991.0,1,0,1,0,0,0,1
519.0,1.0,3.0,0.0,2.0,1.0,1.0,447.0,1,0,1,0,0,0,1
520.0,1.0,3.0,3.0,3.0,3.0,,2341.0,1,0,1,0,0,1,0
521.0,1.0,3.0,1.0,3.0,2.0,2.0,638.0,1,0,1,0,0,1,0
522.0,1.0,3.0,2.0,2.0,1.0,1.0,2495.0,1,0,1,0,0,0,1
523.0,1.0,3.0,1.0,2.0,1.0,1.0,1833.0,1,0,1,0,0,0,1
524.0,1.0,3.0,2.0,2.0,1.0,1.0,2536.0,1,0,1,0,0,0,1
525.0,1.0,3.0,3.0,3.0,2.0,2.0,70.0,1,0,0,1,0,1,0
526.0,1.0,3.0,4.0,3.0,3.0,,1987.0,1,0,1,0,0,1,0
527.0,1.0,3.0,1.0,3.0,2.0,2.0,2450.0,1,0,1,0,0,0,1
528.0,1.0,3.0,0.0,3.0,2.0,2.0,430.0,1,0,1,0,0,1,0
529.0,1.0,3.0,0.0,3.0,2.0,2.0,2073.0,1,0,1,0,0,1,0
530.0,1.0,3.0,3.0,3.0,3.0,,994.0,1,0,0,1,0,1,0
531.0,1.0,3.0,3.0,2.0,1.0,1.0,901.0,1,0,1,0,0,0,1
532.0,1.0,3.0,1.0,3.0,2.0,2.0,2337.0,1,0,1,0,0,0,1
533.0,1.0,3.0,2.0,3.0,3.0,,1980.0,1,0,1,0,0,0,1
534.0,1.0,3.0,0.0,3.0,2.0,2.0,768.0,1,0,1,0,0,1,0
535.0,1.0,3.0,0.0,3.0,3.0,,1717.0,1,0,1,0,0,0,1
536.0,1.0,3.0,0.0,3.0,3.0,,2281.0,1,0,1,0,0,1,0
537.0,1.0,3.0,3.0,3.0,3.0,,1806.0,1,0,1,0,0,1,0
538.0,1.0,3.0,0.0,3.0,2.0,2.0,1500.0,1,0,0,1,0,1,0
539.0,1.0,3.0,0.0,2.0,1.0,1.0,2300.0,1,0,1,0,0,0,1
540.0,1.0,3.0,2.0,3.0,3.0,,1695.0,1,0,1,0,0,0,1
541.0,1.0,3.0,3.0,3.0,3.0,,238.0,1,0,0,1,0,1,0
542.0,1.0,3.0,0.0,3.0,2.0,2.0,1885.0,1,0,1,0,0,0,1
543.0,1.0,3.0,1.0,3.0,2.0,2.0,1066.0,1,0,1,0,0,0,1
544.0,1.0,3.0,3.0,3.0,3.0,,909.0,1,0,1,0,0,1,0
545.0,1.0,3.0,1.0,3.0,2.0,2.0,1963.0,1,0,0,1,0,1,0
546.0,1.0,3.0,1.0,3.0,2.0,2.0,2006.0,1,0,1,0,0,0,1
547.0,1.0,3.0,1.0,3.0,2.0,2.0,1663.0,1,0,0,1,0,1,0
548.0,1.0,3.0,0.0,3.0,2.0,2.0,1010.0,1,0,1,0,0,1,0
549.0,1.0,3.0,2.0,3.0,3.0,,417.0,1,0,0,1,0,1,0
550.0,1.0,3.0,2.0,3.0,2.0,2.0,1505.0,1,0,1,0,0,1,0
551.0,1.0,3.0,0.0,3.0,3.0,,2539.0,1,0,1,0,0,0,1
552.0,1.0,3.0,0.0,3.0,3.0,,1091.0,1,0,1,0,0,1,0
553.0,1.0,3.0,3.0,3.0,2.0,2.0,2311.0,1,0,0,1,0,1,0
554.0,1.0,3.0,3.0,3.0,3.0,,284.0,1,0,0,1,0,1,0
555.0,1.0,3.0,1.0,3.0,2.0,2.0,790.0,1,0,1,0,0,0,1
556.0,1.0,3.0,3.0,3.0,3.0,,517.0,1,0,1,0,0,1,0
557.0,1.0,3.0,1.0,3.0,2.0,2.0,2450.0,1,0,0,1,0,1,0
558.0,1.0,3.0,1.0,3.0,2.0,2.0,2414.0,1,0,0,1,0,1,0
559.0,1.0,3.0,1.0,3.0,3.0,,1325.0,1,0,0,1,0,1,0
560.0,1.0,3.0,1.0,3.0,2.0,2.0,1370.0,1,0,1,0,0,0,1
561.0,1.0,3.0,3.0,3.0,3.0,,836.0,1,0,1,0,0,1,0
562.0,1.0,3.0,0.0,3.0,3.0,,2419.0,1,0,1,0,0,1,0
563.0,1.0,3.0,2.0,3.0,3.0,,1216.0,1,0,0,1,0,1,0
564.0,1.0,3.0,3.0,3.0,3.0,,646.0,1,0,1,0,0,1,0
565.0,1.0,3.0,3.0,3.0,2.0,2.0,1921.0,1,0,1,0,0,0,1
566.0,2.0,0.0,,,,,388.0,1,0,0,0,1,0,1
567.0,2.0,2.0,,,,,437.0,0,1,0,0,1,1,0
568.0,2.0,0.0,,,,,99.0,0,1,0,0,1,1,0
569.0,2.0,1.0,1.0,1.0,1.0,0.0,1473.0,1,0,1,0,0,0,1
570.0,2.0,1.0,1.0,1.0,2.0,0.0,2396.0,1,0,1,0,0,0,1
571.0,2.0,1.0,2.0,1.0,1.0,0.0,315.0,0,1,1,0,0,0,1
572.0,2.0,1.0,1.0,3.0,3.0,0.0,2939.0,1,0,1,0,0,0,1
573.0,2.0,1.0,3.0,3.0,1.0,2.0,203.0,0,1,1,0,0,0,1
574.0,2.0,1.0,2.0,3.0,2.0,2.0,601.0,1,0,1,0,0,1,0
575.0,2.0,1.0,4.0,1.0,1.0,0.0,729.0,0,1,1,0,0,0,1
576.0,2.0,1.0,2.0,1.0,2.0,0.0,736.0,1,0,1,0,0,0,1
577.0,2.0,1.0,0.0,2.0,2.0,1.0,3180.0,1,0,1,0,0,0,1
578.0,2.0,1.0,1.0,1.0,1.0,0.0,2734.0,1,0,1,0,0,0,1
579.0,2.0,1.0,0.0,1.0,2.0,0.0,1077.0,1,0,1,0,0,0,1
580.0,2.0,1.0,0.0,1.0,2.0,0.0,829.0,1,0,1,0,0,0,1
581.0,2.0,1.0,1.0,2.0,2.0,1.0,650.0,0,1,1,0,0,0,1
582.0,2.0,1.0,1.0,3.0,2.0,0.0,206.0,1,0,0,1,0,1,0
583.0,2.0,1.0,2.0,2.0,2.0,1.0,366.0,1,0,1,0,0,0,1
584.0,2.0,1.0,1.0,1.0,1.0,0.0,2691.0,0,1,1,0,0,0,1
585.0,2.0,1.0,1.0,3.0,2.0,2.0,169.0,0,1,1,0,0,1,0
586.0,2.0,1.0,3.0,3.0,,,245.0,0,1,0,1,0,1,0
587.0,2.0,1.0,1.0,3.0,2.0,2.0,382.0,0,1,1,0,0,0,1
588.0,2.0,1.0,2.0,2.0,2.0,1.0,818.0,1,0,1,0,0,0,1
589.0,2.0,1.0,1.0,1.0,1.0,0.0,914.0,0,1,0,0,1,0,1
590.0,2.0,1.0,3.0,3.0,2.0,2.0,98.0,1,0,1,0,0,1,0
591.0,2.0,1.0,2.0,3.0,2.0,2.0,438.0,1,0,1,0,0,0,1
592.0,2.0,1.0,2.0,3.0,3.0,0.0,43.0,1,0,0,1,0,1,0
593.0,2.0,1.0,2.0,2.0,2.0,1.0,420.0,1,0,1,0,0,1,0
594.0,2.0,1.0,0.0,1.0,2.0,0.0,1323.0,1,0,1,0,0,0,1
595.0,2.0,1.0,1.0,2.0,2.0,1.0,399.0,0,1,1,0,0,1,0
596.0,2.0,1.0,1.0,2.0,2.0,1.0,594.0,1,0,1,0,0,0,1
597.0,2.0,1.0,0.0,1.0,1.0,0.0,867.0,0,1,1,0,0,0,1
598.0,2.0,1.0,0.0,2.0,2.0,1.0,42.0,1,0,1,0,0,0,1
599.0,2.0,1.0,1.0,3.0,3.0,1.0,812.0,0,1,1,0,0,0,1
600.0,2.0,1.0,1.0,1.0,2.0,0.0,301.0,0,1,1,0,0,0,1
601.0,2.0,1.0,2.0,3.0,3.0,0.0,508.0,1,0,1,0,0,0,1
602.0,2.0,1.0,1.0,3.0,1.0,1.0,779.0,1,0,0,1,0,1,0
603.0,2.0,1.0,3.0,1.0,2.0,0.0,575.0,1,0,1,0,0,1,0
604.0,2.0,1.0,1.0,1.0,1.0,0.0,2043.0,0,1,1,0,0,0,1
605.0,2.0,1.0,3.0,3.0,1.0,2.0,127.0,0,1,0,1,0,1,0
606.0,2.0,1.0,0.0,1.0,2.0,0.0,915.0,1,0,1,0,0,0,1
607.0,2.0,1.0,0.0,1.0,2.0,0.0,2869.0,0,1,1,0,0,0,1
608.0,2.0,1.0,1.0,1.0,1.0,0.0,0.0,1,0,1,0,0,1,0
609.0,2.0,1.0,2.0,1.0,2.0,0.0,934.0,1,0,1,0,0,1,0
610.0,2.0,1.0,1.0,3.0,3.0,0.0,1947.0,1,0,1,0,0,0,1
611.0,2.0,1.0,1.0,1.0,1.0,0.0,2681.0,0,1,1,0,0,0,1
612.0,2.0,1.0,0.0,3.0,,2.0,156.0,0,1,0,0,1,1,0
613.0,2.0,1.0,3.0,3.0,2.0,2.0,64.0,0,1,0,1,0,1,0
614.0,2.0,1.0,2.0,3.0,1.0,2.0,699.0,0,1,1,0,0,0,1
615.0,2.0,1.0,3.0,1.0,1.0,0.0,175.0,1,0,1,0,0,1,0
616.0,2.0,1.0,0.0,1.0,1.0,0.0,1298.0,1,0,1,0,0,0,1
617.0,2.0,1.0,1.0,3.0,3.0,2.0,876.0,1,0,1,0,0,1,0
618.0,2.0,1.0,1.0,1.0,1.0,0.0,427.0,1,0,1,0,0,0,1
619.0,2.0,1.0,0.0,1.0,1.0,0.0,163.0,0,1,1,0,0,1,0
620.0,2.0,1.0,2.0,1.0,2.0,0.0,3032.0,1,0,1,0,0,0,1
621.0,2.0,1.0,1.0,3.0,3.0,0.0,326.0,1,0,1,0,0,1,0
622.0,2.0,1.0,2.0,3.0,3.0,2.0,1760.0,0,1,1,0,0,0,1
623.0,2.0,1.0,1.0,1.0,1.0,0.0,14.0,1,0,1,0,0,0,1
624.0,2.0,1.0,1.0,1.0,1.0,0.0,560.0,0,1,1,0,0,0,1
625.0,2.0,1.0,2.0,3.0,,2.0,544.0,1,0,0,0,1,1,0
626.0,2.0,1.0,3.0,2.0,2.0,1.0,996.0,1,0,1,0,0,1,0
627.0,2.0,1.0,2.0,3.0,3.0,,433.0,0,1,0,0,1,0,1
628.0,2.0,1.0,3.0,3.0,3.0,2.0,287.0,1,0,1,0,0,1,0
629.0,2.0,1.0,2.0,1.0,1.0,0.0,509.0,0,1,1,0,0,1,0
630.0,2.0,1.0,3.0,3.0,2.0,1.0,307.0,1,0,0,1,0,1,0
631.0,2.0,1.0,2.0,3.0,2.0,2.0,590.0,0,1,1,0,0,1,0
632.0,2.0,1.0,1.0,3.0,,2.0,1118.0,0,1,1,0,0,0,1
633.0,2.0,1.0,4.0,2.0,1.0,1.0,465.0,1,0,1,0,0,0,1
634.0,2.0,1.0,0.0,2.0,2.0,1.0,2998.0,1,0,1,0,0,0,1
635.0,2.0,1.0,3.0,1.0,1.0,0.0,1194.0,0,1,1,0,0,1,0
636.0,2.0,1.0,4.0,1.0,1.0,0.0,405.0,1,0,1,0,0,0,1
637.0,2.0,1.0,2.0,3.0,2.0,2.0,582.0,1,0,0,1,0,1,0
638.0,2.0,1.0,1.0,1.0,1.0,0.0,739.0,0,1,1,0,0,0,1
639.0,2.0,1.0,3.0,3.0,,2.0,368.0,0,1,0,0,1,0,1
640.0,2.0,1.0,0.0,1.0,1.0,0.0,2722.0,1,0,1,0,0,0,1
641.0,2.0,1.0,0.0,1.0,1.0,0.0,743.0,1,0,1,0,0,0,1
642.0,2.0,1.0,0.0,3.0,3.0,,400.0,1,0,0,0,1,0,1
643.0,2.0,1.0,0.0,1.0,1.0,0.0,1049.0,1,0,1,0,0,0,1
644.0,2.0,1.0,0.0,1.0,1.0,0.0,951.0,1,0,1,0,0,1,0
645.0,2.0,1.0,0.0,1.0,1.0,0.0,1831.0,1,0,1,0,0,0,1
646.0,2.0,1.0,0.0,1.0,2.0,0.0,126.0,1,0,1,0,0,0,1
647.0,2.0,1.0,0.0,3.0,1.0,0.0,141.0,1,0,0,1,0,1,0
648.0,2.0,1.0,0.0,3.0,3.0,2.0,340.0,1,0,1,0,0,0,1
649.0,2.0,1.0,4.0,1.0,1.0,0.0,935.0,0,1,1,0,0,0,1
650.0,2.0,1.0,1.0,3.0,3.0,2.0,2.0,0,1,0,1,0,1,0
651.0,2.0,1.0,4.0,3.0,3.0,0.0,342.0,1,0,1,0,0,1,0
652.0,2.0,1.0,0.0,3.0,,,165.0,1,0,0,1,0,1,0
653.0,2.0,1.0,1.0,1.0,1.0,0.0,813.0,1,0,1,0,0,0,1
654.0,2.0,1.0,2.0,1.0,1.0,0.0,1295.0,1,0,1,0,0,0,1
655.0,2.0,1.0,0.0,1.0,2.0,0.0,1929.0,0,1,1,0,0,0,1
656.0,2.0,1.0,3.0,3.0,2.0,0.0,230.0,1,0,0,1,0,1,0
657.0,2.0,1.0,3.0,3.0,,,468.0,1,0,0,0,1,1,0
658.0,2.0,1.0,0.0,1.0,1.0,0.0,2358.0,0,1,1,0,0,0,1
659.0,2.0,1.0,2.0,2.0,2.0,1.0,207.0,1,0,1,0,0,0,1
660.0,2.0,1.0,2.0,1.0,1.0,0.0,738.0,0,1,1,0,0,0,1
661.0,2.0,1.0,1.0,1.0,1.0,0.0,762.0,1,0,1,0,0,0,1
662.0,2.0,1.0,3.0,3.0,2.0,2.0,651.0,1,0,0,1,0,1,0
663.0,2.0,1.0,0.0,3.0,2.0,1.0,338.0,1,0,0,1,0,1,0
664.0,2.0,1.0,0.0,2.0,2.0,1.0,579.0,1,0,1,0,0,0,1
665.0,2.0,1.0,1.0,1.0,1.0,0.0,1781.0,0,1,1,0,0,0,1
666.0,2.0,1.0,1.0,2.0,1.0,1.0,964.0,0,1,0,0,1,0,1
667.0,2.0,1.0,2.0,3.0,1.0,2.0,311.0,1,0,1,0,0,1,0
668.0,2.0,1.0,2.0,1.0,1.0,0.0,164.0,0,1,1,0,0,0,1
669.0,2.0,1.0,1.0,1.0,2.0,0.0,231.0,0,1,1,0,0,0,1
670.0,2.0,1.0,1.0,3.0,3.0,2.0,455.0,1,0,1,0,0,0,1
671.0,2.0,1.0,1.0,3.0,2.0,2.0,809.0,1,0,1,0,0,1,0
672.0,2.0,1.0,1.0,1.0,1.0,0.0,1844.0,0,1,1,0,0,0,1
673.0,2.0,1.0,1.0,3.0,3.0,0.0,397.0,1,0,1,0,0,1,0
674.0,2.0,1.0,3.0,3.0,1.0,2.0,1713.0,1,0,1,0,0,1,0
675.0,2.0,1.0,0.0,1.0,1.0,0.0,213.0,1,0,1,0,0,0,1
676.0,2.0,1.0,0.0,3.0,2.0,2.0,299.0,0,1,1,0,0,1,0
677.0,2.0,1.0,1.0,1.0,2.0,0.0,707.0,1,0,1,0,0,0,1
678.0,2.0,1.0,0.0,3.0,3.0,1.0,573.0,1,0,1,0,0,0,1
679.0,2.0,1.0,3.0,3.0,2.0,2.0,357.0,1,0,1,0,0,1,0
680.0,2.0,1.0,1.0,1.0,1.0,0.0,827.0,1,0,1,0,0,0,1
681.0,2.0,1.0,1.0,3.0,,,43.0,1,0,0,1,0,1,0
682.0,2.0,1.0,1.0,1.0,1.0,0.0,512.0,1,0,1,0,0,0,1
683.0,2.0,1.0,1.0,3.0,3.0,0.0,2249.0,1,0,1,0,0,0,1
684.0,2.0,1.0,1.0,1.0,2.0,0.0,2220.0,1,0,1,0,0,0,1
685.0,2.0,1.0,2.0,1.0,2.0,0.0,395.0,1,0,1,0,0,0,1
686.0,2.0,1.0,3.0,3.0,2.0,2.0,281.0,1,0,1,0,0,1,0
687.0,2.0,1.0,0.0,3.0,3.0,2.0,1290.0,1,0,0,0,1,0,1
688.0,2.0,1.0,1.0,1.0,1.0,0.0,2600.0,0,1,1,0,0,0,1
689.0,2.0,1.0,1.0,1.0,1.0,0.0,973.0,0,1,1,0,0,0,1
690.0,2.0,1.0,2.0,1.0,1.0,0.0,451.0,0,1,1,0,0,0,1
691.0,2.0,1.0,0.0,1.0,1.0,0.0,2777.0,0,1,1,0,0,0,1
692.0,2.0,1.0,0.0,1.0,1.0,0.0,1262.0,1,0,1,0,0,0,1
693.0,2.0,1.0,1.0,1.0,1.0,0.0,478.0,0,1,1,0,0,0,1
694.0,2.0,1.0,2.0,1.0,1.0,0.0,387.0,1,0,1,0,0,1,0
695.0,2.0,1.0,0.0,1.0,1.0,0.0,2662.0,0,1,1,0,0,0,1
696.0,2.0,1.0,1.0,1.0,1.0,0.0,3131.0,1,0,1,0,0,0,1
697.0,2.0,1.0,4.0,2.0,1.0,1.0,2039.0,1,0,1,0,0,0,1
698.0,2.0,1.0,2.0,3.0,1.0,2.0,2686.0,1,0,1,0,0,0,1
699.0,2.0,1.0,1.0,1.0,1.0,0.0,486.0,1,0,1,0,0,0,1
700.0,2.0,1.0,2.0,3.0,2.0,2.0,349.0,1,0,1,0,0,1,0
701.0,2.0,1.0,0.0,3.0,2.0,2.0,612.0,1,0,1,0,0,1,0
702.0,2.0,1.0,1.0,1.0,2.0,0.0,2273.0,1,0,1,0,0,0,1
703.0,2.0,1.0,1.0,1.0,1.0,0.0,1207.0,0,1,1,0,0,0,1
704.0,2.0,1.0,0.0,1.0,1.0,0.0,1846.0,1,0,1,0,0,0,1
705.0,2.0,1.0,1.0,1.0,1.0,0.0,2222.0,1,0,1,0,0,0,1
706.0,2.0,1.0,3.0,2.0,2.0,1.0,431.0,1,0,1,0,0,0,1
707.0,2.0,1.0,0.0,3.0,3.0,0.0,403.0,1,0,1,0,0,1,0
708.0,2.0,1.0,3.0,3.0,,,488.0,0,1,0,0,1,1,0
709.0,2.0,1.0,1.0,2.0,2.0,1.0,217.0,1,0,1,0,0,0,1
710.0,2.0,1.0,2.0,3.0,3.0,0.0,221.0,1,0,1,0,0,0,1
711.0,2.0,1.0,1.0,1.0,2.0,0.0,795.0,0,1,1,0,0,0,1
712.0,2.0,1.0,2.0,3.0,1.0,2.0,816.0,0,1,1,0,0,0,1
713.0,2.0,1.0,3.0,3.0,1.0,0.0,374.0,0,1,0,1,0,0,1
714.0,2.0,1.0,2.0,3.0,,2.0,265.0,1,0,1,0,0,1,0
715.0,2.0,1.0,1.0,1.0,1.0,0.0,770.0,0,1,1,0,0,0,1
716.0,2.0,1.0,1.0,1.0,1.0,0.0,2955.0,1,0,1,0,0,0,1
717.0,2.0,1.0,3.0,3.0,1.0,2.0,314.0,1,0,0,1,0,1,0
718.0,2.0,1.0,3.0,3.0,1.0,2.0,242.0,0,1,1,0,0,1,0
719.0,2.0,1.0,1.0,2.0,2.0,1.0,1145.0,0,1,1,0,0,0,1
720.0,2.0,1.0,1.0,3.0,2.0,0.0,365.0,1,0,0,1,0,1,0
721.0,2.0,1.0,1.0,1.0,1.0,0.0,1919.0,0,1,1,0,0,0,1
722.0,2.0,1.0,1.0,3.0,2.0,2.0,136.0,1,0,1,0,0,1,0
723.0,2.0,1.0,1.0,1.0,1.0,0.0,1769.0,0,1,1,0,0,0,1
724.0,2.0,1.0,0.0,1.0,1.0,0.0,999.0,0,1,1,0,0,1,0
725.0,2.0,1.0,2.0,1.0,1.0,0.0,115.0,0,1,1,0,0,1,0
726.0,2.0,1.0,1.0,3.0,1.0,2.0,393.0,1,0,1,0,0,0,1
727.0,2.0,1.0,1.0,2.0,2.0,1.0,196.0,0,1,1,0,0,0,1
728.0,2.0,1.0,3.0,3.0,1.0,2.0,778.0,0,1,1,0,0,0,1
729.0,2.0,1.0,2.0,3.0,3.0,0.0,1778.0,1,0,1,0,0,1,0
730.0,2.0,1.0,3.0,2.0,,1.0,1116.0,1,0,1,0,0,1,0
731.0,2.0,1.0,2.0,2.0,2.0,1.0,2443.0,1,0,1,0,0,0,1
732.0,2.0,1.0,2.0,1.0,1.0,0.0,1336.0,1,0,1,0,0,0,1
733.0,2.0,1.0,1.0,1.0,1.0,0.0,2483.0,1,0,1,0,0,0,1
734.0,2.0,1.0,1.0,3.0,3.0,0.0,438.0,1,0,1,0,0,0,1
735.0,2.0,1.0,3.0,3.0,2.0,1.0,187.0,1,0,0,1,0,1,0
736.0,2.0,1.0,1.0,2.0,1.0,1.0,477.0,1,0,1,0,0,0,1
737.0,2.0,1.0,0.0,1.0,2.0,0.0,999.0,0,1,1,0,0,0,1
738.0,2.0,1.0,2.0,1.0,1.0,0.0,1910.0,1,0,1,0,0,0,1
739.0,2.0,1.0,1.0,1.0,1.0,0.0,1031.0,0,1,1,0,0,0,1
740.0,2.0,1.0,1.0,1.0,1.0,0.0,384.0,1,0,1,0,0,0,1
741.0,2.0,1.0,1.0,1.0,1.0,0.0,2518.0,1,0,1,0,0,0,1
742.0,2.0,1.0,2.0,3.0,1.0,2.0,153.0,1,0,0,1,0,1,0
743.0,2.0,1.0,2.0,3.0,,2.0,497.0,0,1,1,0,0,1,0
744.0,2.0,1.0,2.0,3.0,2.0,2.0,515.0,0,1,1,0,0,0,1
745.0,2.0,1.0,2.0,1.0,2.0,0.0,1953.0,1,0,1,0,0,0,1
746.0,2.0,1.0,2.0,1.0,2.0,0.0,1431.0,0,1,1,0,0,1,0
747.0,2.0,1.0,0.0,3.0,3.0,0.0,365.0,1,0,1,0,0,1,0
748.0,2.0,1.0,4.0,1.0,1.0,0.0,1547.0,1,0,1,0,0,0,1
749.0,2.0,1.0,0.0,1.0,1.0,0.0,426.0,0,1,1,0,0,0,1
750.0,2.0,1.0,2.0,3.0,,2.0,131.0,0,1,0,0,1,1,0
751.0,2.0,1.0,1.0,2.0,2.0,1.0,1640.0,1,0,1,0,0,0,1
752.0,2.0,1.0,2.0,3.0,3.0,2.0,120.0,0,1,1,0,0,1,0
753.0,2.0,1.0,0.0,1.0,2.0,0.0,2506.0,0,1,1,0,0,0,1
754.0,2.0,1.0,2.0,3.0,3.0,1.0,240.0,0,1,1,0,0,0,1
755.0,2.0,1.0,0.0,1.0,1.0,0.0,1298.0,0,1,1,0,0,0,1
756.0,2.0,1.0,3.0,3.0,,,60.0,1,0,0,1,0,1,0
757.0,2.0,1.0,2.0,3.0,2.0,2.0,127.0,1,0,0,1,0,1,0
758.0,2.0,1.0,1.0,1.0,1.0,0.0,804.0,1,0,1,0,0,0,1
759.0,2.0,1.0,0.0,3.0,3.0,0.0,213.0,1,0,0,1,0,1,0
760.0,2.0,1.0,2.0,1.0,2.0,0.0,1086.0,1,0,1,0,0,0,1
761.0,2.0,1.0,1.0,1.0,1.0,0.0,443.0,1,0,1,0,0,0,1
762.0,2.0,1.0,1.0,1.0,1.0,0.0,717.0,0,1,1,0,0,0,1
763.0,2.0,1.0,3.0,3.0,2.0,2.0,505.0,0,1,0,1,0,1,0
764.0,2.0,1.0,1.0,2.0,2.0,1.0,337.0,0,1,1,0,0,0,1
765.0,2.0,1.0,1.0,1.0,1.0,0.0,587.0,0,1,1,0,0,1,0
766.0,2.0,1.0,2.0,1.0,1.0,0.0,294.0,1,0,1,0,0,1,0
767.0,2.0,1.0,0.0,3.0,2.0,2.0,627.0,0,1,1,0,0,0,1
768.0,2.0,1.0,0.0,1.0,2.0,0.0,1140.0,0,1,1,0,0,0,1
769.0,2.0,1.0,1.0,1.0,1.0,0.0,369.0,0,1,1,0,0,0,1
770.0,2.0,1.0,1.0,2.0,1.0,1.0,241.0,0,1,1,0,0,0,1
771.0,2.0,1.0,0.0,1.0,1.0,0.0,1810.0,1,0,1,0,0,0,1
772.0,2.0,1.0,1.0,3.0,1.0,0.0,428.0,1,0,0,1,0,1,0
773.0,2.0,1.0,2.0,3.0,2.0,1.0,63.0,0,1,0,1,0,1,0
774.0,2.0,1.0,2.0,1.0,1.0,0.0,1062.0,0,1,1,0,0,0,1
775.0,2.0,1.0,4.0,1.0,1.0,0.0,740.0,0,1,1,0,0,1,0
776.0,2.0,1.0,2.0,1.0,1.0,0.0,319.0,1,0,1,0,0,0,1
777.0,2.0,1.0,3.0,3.0,1.0,2.0,228.0,1,0,1,0,0,1,0
778.0,2.0,1.0,2.0,1.0,2.0,0.0,886.0,1,0,1,0,0,0,1
779.0,2.0,1.0,3.0,3.0,1.0,2.0,260.0,1,0,1,0,0,1,0
780.0,2.0,1.0,1.0,3.0,2.0,2.0,423.0,0,1,1,0,0,1,0
781.0,2.0,1.0,2.0,1.0,1.0,0.0,1820.0,0,1,1,0,0,0,1
782.0,2.0,1.0,3.0,3.0,,2.0,319.0,1,0,1,0,0,0,1
783.0,2.0,1.0,1.0,3.0,1.0,2.0,49.0,1,0,0,1,0,1,0
784.0,2.0,1.0,3.0,3.0,1.0,2.0,401.0,0,1,1,0,0,1,0
785.0,2.0,1.0,1.0,1.0,1.0,0.0,1170.0,1,0,1,0,0,0,1
786.0,2.0,1.0,0.0,1.0,2.0,0.0,895.0,1,0,1,0,0,1,0
787.0,2.0,1.0,2.0,1.0,2.0,0.0,677.0,1,0,1,0,0,1,0
788.0,2.0,1.0,1.0,1.0,2.0,0.0,418.0,1,0,1,0,0,0,1
789.0,2.0,1.0,1.0,2.0,1.0,1.0,506.0,1,0,1,0,0,1,0
790.0,2.0,1.0,2.0,1.0,1.0,0.0,599.0,1,0,1,0,0,1,0
791.0,2.0,0.0,0.0,1.0,1.0,0.0,2925.0,0,1,1,0,0,0,1
792.0,2.0,0.0,0.0,1.0,1.0,0.0,2845.0,0,1,1,0,0,0,1
793.0,2.0,0.0,1.0,1.0,2.0,0.0,1960.0,0,1,1,0,0,0,1
794.0,2.0,0.0,0.0,1.0,1.0,0.0,1301.0,0,1,1,0,0,0,1
795.0,2.0,0.0,0.0,1.0,1.0,0.0,1475.0,0,1,1,0,0,1,0
796.0,2.0,0.0,0.0,1.0,1.0,0.0,1627.0,0,1,1,0,0,1,0
797.0,2.0,0.0,0.0,1.0,1.0,0.0,1869.0,0,1,1,0,0,0,1
798.0,2.0,0.0,0.0,1.0,1.0,0.0,2911.0,0,1,1,0,0,0,1
799.0,2.0,0.0,0.0,1.0,1.0,0.0,788.0,0,1,1,0,0,1,0
800.0,2.0,0.0,0.0,1.0,2.0,0.0,1384.0,0,1,1,0,0,0,1
801.0,2.0,0.0,0.0,1.0,1.0,0.0,2896.0,0,1,1,0,0,0,1
802.0,2.0,0.0,0.0,1.0,1.0,0.0,2930.0,0,1,1,0,0,0,1
803.0,2.0,0.0,0.0,1.0,1.0,0.0,1701.0,0,1,1,0,0,0,1
804.0,2.0,0.0,0.0,1.0,1.0,0.0,2055.0,0,1,1,0,0,0,1
805.0,2.0,0.0,0.0,1.0,1.0,0.0,2713.0,0,1,1,0,0,0,1
806.0,2.0,0.0,0.0,3.0,3.0,1.0,506.0,0,1,1,0,0,0,1
807.0,2.0,0.0,0.0,2.0,1.0,1.0,1017.0,0,1,1,0,0,0,1
808.0,2.0,0.0,0.0,3.0,3.0,1.0,444.0,0,1,1,0,0,1,0
809.0,2.0,0.0,0.0,1.0,1.0,0.0,2458.0,0,1,1,0,0,0,1
810.0,2.0,0.0,0.0,1.0,1.0,0.0,38.0,0,1,1,0,0,0,1
811.0,2.0,0.0,0.0,1.0,1.0,0.0,844.0,0,1,1,0,0,0,1
812.0,2.0,0.0,0.0,1.0,1.0,0.0,2166.0,0,1,1,0,0,0,1
813.0,2.0,0.0,0.0,1.0,1.0,0.0,1720.0,0,1,1,0,0,0,1
814.0,2.0,0.0,0.0,1.0,1.0,0.0,1357.0,0,1,1,0,0,0,1
815.0,2.0,0.0,0.0,1.0,1.0,0.0,2000.0,0,1,1,0,0,1,0
816.0,2.0,0.0,0.0,1.0,1.0,0.0,1000.0,1,0,1,0,0,0,1
817.0,2.0,0.0,0.0,1.0,1.0,0.0,1882.0,0,1,1,0,0,0,1
818.0,2.0,0.0,0.0,1.0,1.0,0.0,1354.0,0,1,1,0,0,0,1
819.0,2.0,0.0,0.0,1.0,2.0,0.0,1731.0,0,1,1,0,0,1,0
820.0,2.0,0.0,0.0,1.0,1.0,0.0,2165.0,0,1,1,0,0,0,1
821.0,2.0,0.0,0.0,1.0,2.0,0.0,753.0,0,1,1,0,0,1,0
822.0,2.0,0.0,0.0,1.0,1.0,0.0,1849.0,0,1,1,0,0,0,1
823.0,2.0,0.0,0.0,2.0,2.0,1.0,276.0,0,1,1,0,0,0,1
824.0,2.0,0.0,0.0,1.0,1.0,0.0,662.0,0,1,1,0,0,1,0
825.0,2.0,2.0,0.0,3.0,3.0,0.0,2019.0,0,1,1,0,0,0,1
826.0,2.0,2.0,0.0,3.0,3.0,0.0,718.0,0,1,1,0,0,1,0
827.0,2.0,2.0,0.0,1.0,2.0,0.0,361.0,0,1,1,0,0,1,0
828.0,2.0,2.0,0.0,3.0,2.0,2.0,226.0,0,1,1,0,0,1,0
829.0,2.0,2.0,2.0,3.0,2.0,2.0,299.0,0,1,1,0,0,1,0
830.0,2.0,2.0,1.0,3.0,3.0,0.0,882.0,0,1,1,0,0,0,1
831.0,2.0,2.0,0.0,2.0,2.0,1.0,3006.0,0,1,1,0,0,0,1
832.0,2.0,2.0,2.0,3.0,2.0,2.0,617.0,0,1,1,0,0,1,0
833.0,2.0,2.0,0.0,1.0,2.0,0.0,705.0,0,1,1,0,0,1,0
834.0,2.0,2.0,0.0,3.0,2.0,2.0,577.0,0,1,1,0,0,0,1
835.0,2.0,2.0,0.0,1.0,2.0,0.0,373.0,0,1,1,0,0,1,0
836.0,2.0,2.0,1.0,2.0,2.0,1.0,35.0,0,1,1,0,0,0,1
837.0,2.0,2.0,0.0,1.0,2.0,0.0,2818.0,0,1,1,0,0,0,1
838.0,2.0,2.0,2.0,2.0,2.0,1.0,503.0,0,1,1,0,0,0,1
839.0,2.0,2.0,0.0,1.0,1.0,0.0,2211.0,0,1,1,0,0,0,1
840.0,2.0,3.0,1.0,3.0,2.0,2.0,515.0,0,1,1,0,0,1,0
841.0,2.0,3.0,2.0,3.0,3.0,2.0,471.0,1,0,1,0,0,1,0
842.0,2.0,3.0,3.0,3.0,3.0,2.0,1020.0,0,1,0,1,0,1,0
843.0,2.0,3.0,0.0,3.0,3.0,1.0,1851.0,0,1,1,0,0,0,1
844.0,2.0,3.0,2.0,2.0,2.0,1.0,793.0,1,0,1,0,0,0,1
845.0,2.0,3.0,3.0,3.0,1.0,1.0,698.0,1,0,0,1,0,1,0
846.0,2.0,3.0,0.0,3.0,,,334.0,1,0,0,0,1,1,0
847.0,2.0,3.0,3.0,3.0,1.0,2.0,641.0,1,0,0,1,0,1,0
848.0,2.0,3.0,2.0,3.0,2.0,2.0,376.0,0,1,0,1,0,1,0
849.0,2.0,3.0,1.0,3.0,3.0,1.0,895.0,1,0,0,1,0,1,0
850.0,2.0,3.0,0.0,1.0,1.0,0.0,148.0,0,1,1,0,0,0,1
851.0,2.0,3.0,0.0,1.0,1.0,0.0,2523.0,0,1,1,0,0,0,1
852.0,2.0,3.0,3.0,3.0,3.0,2.0,461.0,0,1,1,0,0,1,0
853.0,2.0,3.0,2.0,1.0,1.0,0.0,1600.0,1,0,1,0,0,1,0
854.0,2.0,3.0,3.0,2.0,2.0,1.0,446.0,1,0,1,0,0,1,0
855.0,2.0,3.0,3.0,3.0,2.0,2.0,372.0,1,0,0,1,0,1,0
856.0,2.0,3.0,3.0,3.0,,,700.0,0,1,0,1,0,1,0
857.0,2.0,3.0,2.0,3.0,1.0,0.0,6.0,0,1,0,1,0,1,0
858.0,2.0,3.0,1.0,3.0,3.0,2.0,307.0,1,0,0,1,0,1,0
859.0,2.0,3.0,2.0,2.0,2.0,1.0,18.0,1,0,1,0,0,1,0
860.0,2.0,3.0,3.0,3.0,,,554.0,1,0,0,1,0,1,0
861.0,2.0,3.0,0.0,1.0,2.0,0.0,478.0,1,0,1,0,0,1,0
862.0,2.0,3.0,2.0,3.0,1.0,2.0,149.0,0,1,0,1,0,1,0
863.0,2.0,3.0,0.0,2.0,1.0,1.0,1292.0,1,0,1,0,0,0,1
864.0,2.0,3.0,2.0,3.0,2.0,2.0,478.0,0,1,0,1,0,1,0
865.0,2.0,3.0,0.0,3.0,1.0,2.0,426.0,1,0,1,0,0,0,1
866.0,2.0,3.0,1.0,3.0,3.0,1.0,295.0,1,0,1,0,0,0,1
867.0,2.0,3.0,3.0,3.0,,,226.0,1,0,0,1,0,1,0
868.0,2.0,3.0,1.0,3.0,,,424.0,0,1,0,1,0,1,0
869.0,2.0,3.0,2.0,1.0,2.0,0.0,795.0,1,0,1,0,0,1,0
870.0,2.0,3.0,3.0,3.0,,,651.0,1,0,0,1,0,1,0
871.0,2.0,3.0,1.0,1.0,1.0,0.0,1872.0,1,0,1,0,0,0,1
872.0,2.0,3.0,0.0,3.0,3.0,1.0,470.0,1,0,1,0,0,1,0
873.0,2.0,3.0,0.0,3.0,1.0,2.0,1457.0,1,0,0,1,0,1,0
874.0,2.0,3.0,0.0,3.0,2.0,2.0,2560.0,0,1,0,1,0,1,0
875.0,2.0,3.0,2.0,1.0,1.0,0.0,812.0,1,0,1,0,0,0,1
876.0,2.0,3.0,1.0,3.0,,,16.0,1,0,0,0,1,1,0
877.0,2.0,3.0,3.0,3.0,,,305.0,0,1,0,0,1,1,0
878.0,2.0,3.0,1.0,3.0,3.0,0.0,456.0,0,1,1,0,0,0,1
879.0,2.0,3.0,1.0,1.0,2.0,0.0,2132.0,1,0,1,0,0,0,1
880.0,2.0,3.0,1.0,3.0,3.0,2.0,300.0,1,0,0,1,0,1,0
881.0,2.0,3.0,1.0,3.0,,0.0,818.0,0,1,0,1,0,1,0
882.0,2.0,3.0,0.0,2.0,2.0,1.0,477.0,0,1,1,0,0,0,1
883.0,2.0,3.0,2.0,3.0,1.0,0.0,1638.0,1,0,0,1,0,0,1
884.0,2.0,3.0,3.0,3.0,2.0,2.0,693.0,0,1,1,0,0,1,0
885.0,2.0,3.0,1.0,3.0,2.0,2.0,598.0,0,1,1,0,0,1,0
886.0,2.0,3.0,3.0,3.0,,2.0,184.0,0,1,0,0,1,1,0
887.0,2.0,3.0,0.0,1.0,1.0,0.0,1831.0,1,0,1,0,0,1,0
888.0,2.0,3.0,0.0,1.0,1.0,0.0,2642.0,0,1,1,0,0,0,1
889.0,2.0,3.0,2.0,3.0,3.0,2.0,1890.0,0,1,0,1,0,1,0
890.0,2.0,3.0,3.0,3.0,3.0,2.0,500.0,1,0,1,0,0,1,0
891.0,2.0,3.0,0.0,2.0,2.0,1.0,1898.0,1,0,1,0,0,1,0
892.0,2.0,3.0,2.0,3.0,3.0,0.0,2178.0,1,0,1,0,0,1,0
893.0,2.0,3.0,2.0,3.0,3.0,2.0,826.0,1,0,0,1,0,1,0
894.0,2.0,3.0,0.0,3.0,,,186.0,1,0,0,1,0,1,0
895.0,2.0,3.0,1.0,3.0,1.0,0.0,431.0,1,0,0,1,0,1,0
896.0,2.0,3.0,3.0,3.0,1.0,2.0,1871.0,0,1,1,0,0,1,0
897.0,2.0,3.0,3.0,2.0,2.0,1.0,1198.0,1,0,1,0,0,1,0
898.0,2.0,3.0,3.0,3.0,2.0,2.0,317.0,1,0,0,1,0,1,0
899.0,2.0,3.0,0.0,1.0,1.0,0.0,111.0,0,1,1,0,0,1,0
900.0,2.0,3.0,3.0,3.0,,,347.0,0,1,0,1,0,1,0
901.0,2.0,3.0,0.0,3.0,,2.0,1606.0,1,0,1,0,0,1,0
902.0,2.0,3.0,2.0,3.0,3.0,2.0,136.0,1,0,0,1,0,1,0
903.0,2.0,3.0,0.0,1.0,1.0,0.0,189.0,1,0,1,0,0,1,0
904.0,2.0,3.0,3.0,3.0,1.0,2.0,640.0,1,0,1,0,0,1,0
905.0,2.0,3.0,1.0,2.0,2.0,1.0,212.0,1,0,1,0,0,0,1
906.0,2.0,3.0,2.0,3.0,2.0,0.0,167.0,1,0,0,1,0,1,0
907.0,2.0,3.0,0.0,3.0,2.0,2.0,593.0,0,1,1,0,0,0,1
908.0,2.0,3.0,0.0,2.0,1.0,1.0,1342.0,1,0,1,0,0,0,1
909.0,2.0,3.0,0.0,1.0,2.0,0.0,539.0,1,0,1,0,0,1,0
910.0,2.0,3.0,0.0,2.0,2.0,1.0,1161.0,1,0,1,0,0,1,0
911.0,2.0,3.0,4.0,3.0,3.0,1.0,696.0,0,1,0,1,0,1,0
912.0,2.0,3.0,4.0,2.0,2.0,1.0,277.0,0,1,1,0,0,0,1
913.0,2.0,3.0,0.0,1.0,1.0,0.0,1327.0,1,0,1,0,0,0,1
914.0,2.0,3.0,2.0,3.0,,,80.0,1,0,0,1,0,1,0
915.0,2.0,3.0,4.0,3.0,2.0,2.0,356.0,1,0,1,0,0,0,1
916.0,2.0,3.0,0.0,2.0,2.0,1.0,417.0,1,0,1,0,0,0,1
917.0,2.0,3.0,2.0,3.0,3.0,2.0,1630.0,0,1,0,1,0,1,0
918.0,2.0,3.0,3.0,3.0,3.0,2.0,183.0,0,1,0,1,0,1,0
919.0,2.0,3.0,0.0,3.0,3.0,2.0,102.0,0,1,0,1,0,1,0
920.0,2.0,3.0,3.0,3.0,1.0,2.0,439.0,0,1,0,1,0,1,0
921.0,2.0,3.0,0.0,3.0,3.0,0.0,255.0,0,1,1,0,0,1,0
922.0,2.0,3.0,2.0,1.0,2.0,0.0,0.0,1,0,1,0,0,1,0
923.0,2.0,3.0,3.0,3.0,3.0,2.0,999.0,0,1,1,0,0,1,0
924.0,2.0,3.0,3.0,3.0,3.0,2.0,657.0,0,1,0,1,0,1,0
925.0,2.0,3.0,0.0,3.0,2.0,2.0,266.0,1,0,1,0,0,1,0
926.0,2.0,3.0,4.0,3.0,1.0,2.0,458.0,0,1,1,0,0,0,1
927.0,2.0,3.0,2.0,1.0,2.0,0.0,1819.0,1,0,1,0,0,0,1
928.0,2.0,3.0,0.0,3.0,1.0,2.0,781.0,1,0,1,0,0,1,0
929.0,2.0,3.0,1.0,3.0,,,0.0,0,1,0,1,0,1,0
930.0,2.0,3.0,0.0,1.0,2.0,0.0,545.0,1,0,1,0,0,0,1
931.0,2.0,3.0,1.0,1.0,1.0,0.0,585.0,0,1,1,0,0,0,1
932.0,2.0,3.0,2.0,3.0,1.0,2.0,668.0,1,0,0,1,0,1,0
933.0,2.0,3.0,2.0,3.0,2.0,2.0,736.0,1,0,1,0,0,0,1
934.0,2.0,3.0,1.0,3.0,3.0,0.0,579.0,1,0,0,1,0,0,1
935.0,2.0,3.0,0.0,3.0,2.0,1.0,19.0,1,0,0,1,0,1,0
936.0,2.0,3.0,2.0,3.0,1.0,2.0,544.0,1,0,0,1,0,1,0
937.0,2.0,3.0,3.0,3.0,2.0,1.0,280.0,1,0,0,1,0,1,0
938.0,2.0,3.0,0.0,1.0,1.0,0.0,1234.0,1,0,1,0,0,1,0
939.0,2.0,3.0,1.0,1.0,1.0,0.0,446.0,1,0,1,0,0,0,1
940.0,2.0,3.0,1.0,3.0,3.0,1.0,0.0,1,0,0,1,0,1,0
941.0,2.0,3.0,2.0,3.0,2.0,2.0,274.0,1,0,0,1,0,1,0
942.0,2.0,3.0,1.0,1.0,2.0,0.0,1242.0,1,0,1,0,0,0,1
943.0,2.0,3.0,0.0,1.0,1.0,0.0,165.0,1,0,1,0,0,1,0
944.0,2.0,3.0,2.0,3.0,1.0,1.0,1769.0,1,0,0,1,0,1,0
945.0,2.0,3.0,3.0,3.0,2.0,2.0,1391.0,1,0,0,1,0,1,0
946.0,2.0,3.0,2.0,1.0,2.0,0.0,1350.0,1,0,1,0,0,0,1
947.0,2.0,3.0,2.0,3.0,3.0,2.0,800.0,0,1,1,0,0,1,0
948.0,2.0,3.0,2.0,3.0,3.0,0.0,856.0,0,1,1,0,0,0,1
949.0,2.0,3.0,3.0,3.0,,2.0,152.0,1,0,0,0,1,1,0
950.0,2.0,3.0,3.0,3.0,,2.0,1191.0,1,0,0,1,0,1,0
951.0,2.0,3.0,3.0,3.0,3.0,1.0,662.0,0,1,1,0,0,1,0
952.0,2.0,3.0,1.0,2.0,1.0,1.0,815.0,1,0,1,0,0,0,1
953.0,2.0,3.0,1.0,3.0,1.0,2.0,934.0,1,0,0,1,0,1,0
954.0,2.0,3.0,1.0,2.0,1.0,1.0,2795.0,0,1,1,0,0,0,1
955.0,2.0,3.0,3.0,3.0,,2.0,213.0,0,1,0,1,0,1,0
956.0,2.0,3.0,0.0,3.0,2.0,2.0,431.0,1,0,1,0,0,0,1
957.0,2.0,3.0,1.0,3.0,,2.0,926.0,1,0,0,0,1,1,0
958.0,2.0,3.0,0.0,3.0,2.0,2.0,640.0,0,1,1,0,0,1,0
959.0,2.0,3.0,2.0,3.0,1.0,1.0,522.0,1,0,0,1,0,1,0
960.0,2.0,3.0,0.0,3.0,2.0,2.0,2200.0,0,1,0,1,0,0,1
961.0,2.0,3.0,4.0,3.0,2.0,0.0,123.0,1,0,0,1,0,1,0
962.0,2.0,3.0,3.0,3.0,2.0,2.0,764.0,1,0,0,1,0,1,0
963.0,2.0,3.0,0.0,3.0,3.0,1.0,458.0,1,0,1,0,0,1,0
964.0,2.0,3.0,2.0,3.0,3.0,2.0,1371.0,0,1,1,0,0,1,0
965.0,2.0,3.0,1.0,3.0,1.0,2.0,689.0,0,1,1,0,0,0,1
966.0,2.0,3.0,1.0,3.0,1.0,0.0,264.0,1,0,0,1,0,1,0
967.0,2.0,3.0,0.0,2.0,2.0,1.0,8.0,1,0,1,0,0,0,1
968.0,2.0,3.0,0.0,3.0,3.0,0.0,545.0,0,1,1,0,0,1,0
969.0,2.0,3.0,3.0,3.0,3.0,2.0,406.0,0,1,0,1,0,1,0
970.0,2.0,3.0,1.0,3.0,,1.0,220.0,0,1,0,1,0,1,0
971.0,2.0,3.0,2.0,3.0,1.0,2.0,379.0,1,0,0,1,0,1,0
972.0,2.0,3.0,2.0,2.0,2.0,1.0,585.0,1,0,1,0,0,1,0
973.0,2.0,3.0,3.0,3.0,3.0,1.0,300.0,1,0,1,0,0,1,0
974.0,2.0,3.0,0.0,3.0,1.0,2.0,1462.0,1,0,1,0,0,1,0
975.0,2.0,3.0,3.0,3.0,3.0,0.0,1051.0,0,1,1,0,0,1,0
976.0,2.0,3.0,1.0,3.0,2.0,1.0,423.0,0,1,0,1,0,1,0
977.0,2.0,3.0,1.0,3.0,2.0,2.0,770.0,0,1,0,1,0,1,0
978.0,2.0,3.0,2.0,3.0,3.0,,357.0,0,1,1,0,0,0,1
979.0,2.0,3.0,1.0,3.0,,,43.0,0,1,0,0,1,1,0
980.0,2.0,3.0,3.0,3.0,1.0,2.0,2074.0,1,0,0,1,0,1,0
981.0,2.0,3.0,3.0,3.0,3.0,2.0,279.0,0,1,1,0,0,1,0
982.0,2.0,3.0,1.0,1.0,1.0,0.0,457.0,0,1,1,0,0,1,0
983.0,2.0,3.0,3.0,3.0,3.0,2.0,396.0,0,1,1,0,0,1,0
984.0,2.0,3.0,3.0,3.0,,,457.0,0,1,0,0,1,0,1
985.0,2.0,3.0,3.0,3.0,,2.0,847.0,1,0,1,0,0,1,0
986.0,2.0,3.0,2.0,1.0,2.0,0.0,1787.0,0,1,1,0,0,0,1
987.0,2.0,3.0,2.0,3.0,3.0,,153.0,1,0,0,0,1,0,1
988.0,2.0,3.0,3.0,3.0,1.0,0.0,393.0,1,0,0,1,0,1,0
989.0,2.0,3.0,0.0,3.0,,,216.0,1,0,0,1,0,1,0
990.0,2.0,3.0,1.0,3.0,3.0,2.0,1965.0,1,0,0,1,0,1,0
991.0,2.0,3.0,1.0,3.0,3.0,,351.0,0,1,0,0,1,0,1
992.0,2.0,3.0,2.0,3.0,2.0,2.0,335.0,0,1,0,1,0,1,0
993.0,2.0,3.0,0.0,3.0,2.0,2.0,2063.0,1,0,0,1,0,1,0
994.0,2.0,3.0,1.0,1.0,2.0,0.0,477.0,0,1,1,0,0,0,1
995.0,2.0,3.0,2.0,3.0,3.0,0.0,1735.0,0,1,0,1,0,1,0
996.0,2.0,3.0,1.0,2.0,2.0,1.0,1490.0,0,1,1,0,0,0,1
997.0,2.0,3.0,2.0,3.0,3.0,1.0,50.0,0,1,0,1,0,1,0
998.0,2.0,3.0,0.0,1.0,1.0,0.0,88.0,1,0,1,0,0,0,1
999.0,2.0,3.0,1.0,2.0,2.0,1.0,51.0,0,1,1,0,0,0,1
1000.0,2.0,3.0,3.0,3.0,,,307.0,0,1,0,1,0,1,0
1001.0,2.0,3.0,3.0,3.0,2.0,2.0,604.0,0,1,0,1,0,1,0
1002.0,2.0,3.0,1.0,3.0,3.0,0.0,2289.0,0,1,1,0,0,0,1
1003.0,2.0,3.0,1.0,1.0,2.0,0.0,424.0,0,1,1,0,0,0,1
1004.0,2.0,3.0,2.0,3.0,,,35.0,1,0,0,1,0,1,0
1005.0,2.0,3.0,2.0,3.0,,,225.0,0,1,0,1,0,1,0
1006.0,2.0,3.0,2.0,3.0,2.0,0.0,451.0,0,1,0,1,0,1,0
1007.0,2.0,3.0,3.0,3.0,1.0,1.0,408.0,0,1,0,1,0,1,0
1008.0,2.0,3.0,3.0,3.0,1.0,1.0,136.0,0,1,0,1,0,0,1
1009.0,2.0,3.0,2.0,3.0,2.0,2.0,331.0,0,1,0,1,0,1,0
1010.0,2.0,3.0,4.0,3.0,1.0,2.0,1923.0,0,1,1,0,0,1,0
1011.0,2.0,3.0,3.0,3.0,,2.0,1114.0,0,1,1,0,0,1,0
1012.0,2.0,3.0,2.0,3.0,2.0,1.0,46.0,0,1,0,1,0,1,0
1013.0,2.0,3.0,0.0,3.0,2.0,2.0,536.0,0,1,1,0,0,0,1
1014.0,2.0,3.0,0.0,3.0,2.0,1.0,76.0,0,1,0,1,0,1,0
1015.0,2.0,3.0,3.0,3.0,3.0,0.0,0.0,0,1,0,1,0,1,0
1016.0,2.0,3.0,1.0,3.0,1.0,1.0,386.0,1,0,0,1,0,1,0
1017.0,2.0,3.0,1.0,1.0,1.0,0.0,6.0,0,1,1,0,0,1,0
1018.0,2.0,3.0,2.0,3.0,3.0,1.0,807.0,0,1,1,0,0,0,1
1019.0,2.0,3.0,2.0,3.0,3.0,2.0,404.0,0,1,0,1,0,0,1
1020.0,2.0,3.0,0.0,3.0,3.0,,132.0,1,0,0,0,1,0,1
1021.0,2.0,3.0,3.0,3.0,1.0,2.0,474.0,1,0,1,0,0,1,0
1022.0,2.0,3.0,0.0,3.0,3.0,0.0,161.0,0,1,1,0,0,1,0
1023.0,2.0,3.0,0.0,3.0,1.0,1.0,434.0,1,0,0,1,0,1,0
1024.0,2.0,3.0,1.0,3.0,2.0,1.0,608.0,0,1,0,1,0,1,0
1025.0,2.0,3.0,3.0,3.0,3.0,1.0,984.0,0,1,1,0,0,1,0
1026.0,2.0,3.0,3.0,3.0,3.0,0.0,1095.0,0,1,0,1,0,1,0
1027.0,2.0,3.0,2.0,3.0,3.0,2.0,422.0,1,0,1,0,0,1,0
1028.0,2.0,3.0,2.0,3.0,3.0,0.0,41.0,1,0,1,0,0,1,0
1029.0,2.0,3.0,1.0,1.0,1.0,0.0,1807.0,1,0,1,0,0,0,1
1030.0,2.0,3.0,2.0,3.0,1.0,0.0,1320.0,1,0,0,1,0,1,0
1031.0,2.0,3.0,2.0,3.0,3.0,2.0,775.0,1,0,1,0,0,1,0
1032.0,2.0,3.0,3.0,3.0,1.0,2.0,562.0,0,1,0,1,0,1,0
