1903.0,1,0,0,0,0,0,1,0,1,0,0,0,0,1,0,0,0,0,0,1,0,0,0,1,0,0,1
1927.0,0,0,0,1,0,0,0,1,0,0,1,0,0,0,1,0,0,0,0,1,0,0,1,0,0,0,1
1950.0,0,0,0,1,0,0,0,1,0,0,1,0,0,0,1,0,0,0,0,1,0,0,1,0,0,0,1
1973.0,0,0,1,0,1,0,0,0,0,0,0,1,0,1,0,0,0,1,0,0,0,0,1,0,0,1,0
1905.0,0,0,0,1,1,0,0,0,0,0,0,1,0,0,1,0,0,0,1,0,0,0,1,0,0,0,1
1928.0,0,0,1,0,0,0,1,0,0,0,0,1,0,0,0,1,0,0,0,1,0,0,1,0,0,0,1
1951.0,1,0,0,0,0,0,1,0,0,1,0,0,0,0,0,1,0,0,0,1,0,0,1,0,0,0,1
1974.0,0,0,0,1,0,1,0,0,0,0,1,0,0,0,1,0,0,0,1,0,0,0,1,0,0,0,1
1906.0,0,0,0,1,1,0,0,0,0,0,0,1,1,0,0,0,0,0,0,1,0,0,1,0,0,0,1
1929.0,0,0,0,1,0,0,0,1,1,0,0,0,0,0,1,0,0,0,1,0,0,0,1,0,0,0,1
1952.0,0,1,0,0,0,0,0,1,1,0,0,0,0,0,1,0,1,0,0,0,0,0,0,1,0,0,1
1975.0,0,1,0,0,0,0,0,1,0,0,1,0,1,0,0,0,0,0,1,0,0,1,0,0,0,0,1
1907.0,0,0,1,0,0,0,1,0,0,0,0,1,0,0,0,1,0,0,0,1,0,0,1,0,0,0,1
1930.0,0,0,1,0,0,0,1,0,0,1,0,0,0,1,0,0,0,0,0,1,0,0,1,0,0,0,1
1953.0,0,0,1,0,0,0,1,0,0,1,0,0,0,1,0,0,0,0,0,1,0,0,1,0,0,0,1
1976.0,0,0,1,0,0,0,1,0,0,0,0,1,0,0,0,1,0,0,0,1,0,0,1,0,0,0,1
1908.0,0,0,0,1,0,0,1,0,1,0,0,0,0,0,0,1,0,0,0,1,0,0,1,0,0,0,1
1931.0,1,0,0,0,0,0,1,0,0,0,0,1,0,1,0,0,0,0,0,1,1,0,0,0,0,1,0
1954.0,0,0,1,0,0,0,1,0,0,0,0,1,0,0,0,1,0,0,0,1,0,0,1,0,0,0,1
1977.0,0,0,1,0,1,0,0,0,0,0,0,1,0,0,0,1,0,1,0,0,0,0,1,0,0,0,1
1909.0,0,0,1,0,1,0,0,0,0,0,0,1,0,1,0,0,0,0,1,0,0,1,0,0,0,0,1
1932.0,0,0,1,0,0,0,1,0,0,0,0,1,0,0,0,1,0,0,0,1,0,0,1,0,0,0,1
1955.0,0,1,0,0,0,1,0,0,0,0,1,0,0,0,1,0,0,0,1,0,0,1,0,0,0,0,1
1978.0,0,1,0,0,0,1,0,0,0,0,1,0,0,0,1,0,0,0,1,0,0,0,0,1,0,0,1
1910.0,0,0,1,0,0,0,1,0,0,0,0,1,0,1,0,0,0,0,0,1,0,0,1,0,0,0,1
1933.0,0,0,1,0,0,0,1,0,0,1,0,0,0,0,0,1,0,0,0,1,0,0,1,0,0,0,1
1956.0,0,1,0,0,0,1,0,0,0,0,1,0,0,0,1,0,0,0,1,0,0,1,0,0,0,0,1
1979.0,0,1,0,0,0,0,0,1,1,0,0,0,1,0,0,0,0,0,1,0,0,0,0,1,0,0,1
1911.0,0,1,0,0,0,0,1,0,0,0,0,1,0,0,1,0,0,1,0,0,0,0,1,0,0,0,1
1934.0,0,0,0,1,0,1,0,0,0,0,1,0,1,0,0,0,1,0,0,0,0,0,0,1,0,0,1
1957.0,0,1,0,0,0,0,0,1,1,0,0,0,0,0,1,0,0,0,1,0,0,1,0,0,0,0,1
1980.0,0,0,1,0,0,0,1,0,0,1,0,0,0,1,0,0,0,0,0,1,0,0,1,0,0,0,1
1912.0,0,0,0,1,1,0,0,0,0,0,0,1,0,0,1,0,0,1,0,0,1,0,0,0,0,1,0
1935.0,1,0,0,0,0,0,1,0,0,0,0,1,0,0,0,1,0,1,0,0,0,0,1,0,0,0,1
1958.0,0,1,0,0,0,1,0,0,0,0,1,0,1,0,0,0,0,0,1,0,0,0,0,1,0,0,1
1981.0,0,1,0,0,0,1,0,0,0,0,1,0,0,0,1,0,0,0,1,0,0,0,0,1,0,0,1
1913.0,0,0,0,1,1,0,0,0,0,0,0,1,0,0,1,0,0,0,0,1,0,0,1,0,0,0,1
1936.0,0,1,0,0,0,0,0,1,0,0,1,0,0,0,1,0,1,0,0,0,0,0,0,1,0,0,1
1959.0,0,1,0,0,0,0,0,1,0,0,1,0,0,0,1,0,1,0,0,0,0,0,0,1,0,0,1
1982.0,1,0,0,0,0,0,1,0,0,0,0,1,0,1,0,0,0,1,0,0,0,0,1,0,0,1,0
1914.0,0,0,0,1,0,0,0,1,0,0,1,0,0,0,1,0,0,0,0,1,0,0,1,0,0,0,1
1937.0,0,0,1,0,0,0,1,0,0,0,0,1,0,1,0,0,0,0,0,1,0,0,1,0,0,0,1
1960.0,0,0,1,0,1,0,0,0,0,1,0,0,0,0,0,1,0,0,0,1,1,0,0,0,0,1,0
1983.0,1,0,0,0,0,0,1,0,0,0,0,1,0,0,0,1,0,0,0,1,0,0,1,0,0,0,1
1915.0,0,1,0,0,0,0,0,1,0,0,1,0,0,0,1,0,0,0,0,1,0,0,1,0,0,0,1
1938.0,0,0,0,1,0,0,0,1,0,0,1,0,0,0,1,0,0,0,0,1,0,0,1,0,0,0,1
1961.0,0,0,1,0,1,0,0,0,0,0,0,1,0,0,0,1,0,0,0,1,0,0,1,0,0,0,1
1984.0,0,0,0,1,0,1,0,0,0,0,1,0,0,0,1,0,0,0,1,0,0,0,1,0,0,0,1
1916.0,0,0,1,0,0,0,1,0,0,1,0,0,0,0,0,1,0,0,1,0,0,0,1,0,0,0,1
1939.0,0,0,1,0,0,0,1,0,0,0,0,1,0,0,0,1,0,0,0,1,0,0,1,0,0,0,1
1962.0,0,0,0,1,0,1,0,0,0,0,1,0,1,0,0,0,0,0,1,0,0,1,0,0,0,0,1
1985.0,1,0,0,0,1,0,0,0,0,0,0,1,0,1,0,0,0,0,0,1,0,0,1,0,0,1,0
1917.0,0,0,1,0,0,0,1,0,0,1,0,0,0,1,0,0,0,0,1,0,0,0,0,1,0,0,1
1940.0,1,0,0,0,0,0,1,0,0,1,0,0,0,0,0,1,0,1,0,0,0,0,1,0,0,1,0
1963.0,0,0,0,1,0,0,0,1,0,0,1,0,0,0,1,0,0,0,0,1,0,0,1,0,0,0,1
1986.0,1,0,0,0,1,0,0,0,0,0,0,1,0,0,0,1,0,1,0,0,0,0,1,0,0,1,0
1918.0,0,0,0,1,0,1,0,0,0,0,0,1,0,0,1,0,1,0,0,0,0,0,1,0,0,0,1
1941.0,0,0,1,0,1,0,0,0,0,0,0,1,0,0,0,1,0,0,0,1,0,0,1,0,0,0,1
1964.0,0,0,1,0,1,0,0,0,0,1,0,0,0,0,0,1,0,0,0,1,1,0,0,0,0,1,0
1987.0,0,0,1,0,0,0,1,0,0,1,0,0,0,1,0,0,0,1,0,0,0,0,1,0,0,1,0
1919.0,0,0,1,0,0,0,1,0,0,1,0,0,0,0,0,1,0,0,0,1,1,0,0,0,1,0,0
1942.0,1,0,0,0,0,0,1,0,0,0,0,1,0,0,0,1,0,0,0,1,0,0,1,0,0,0,1
1965.0,0,1,0,0,0,1,0,0,0,0,1,0,0,0,1,0,0,0,1,0,0,1,0,0,0,0,1
1988.0,0,0,1,0,0,0,1,0,0,1,0,0,0,0,0,1,0,0,0,1,0,0,1,0,0,0,1
1920.0,0,0,0,1,0,1,0,0,0,1,0,0,0,0,1,0,0,0,1,0,0,0,1,0,0,1,0
1943.0,0,0,1,0,1,0,0,0,0,0,1,0,0,0,0,1,0,0,0,1,0,0,1,0,0,0,1
1966.0,0,0,0,1,0,0,0,1,0,0,1,0,0,0,1,0,0,0,0,1,0,0,1,0,0,0,1
1989.0,0,0,1,0,0,0,1,0,0,0,0,1,0,0,0,1,0,0,0,1,0,0,1,0,0,0,1
1921.0,1,0,0,0,0,1,0,0,0,0,1,0,0,0,0,1,1,0,0,0,0,0,0,1,0,1,0
1944.0,1,0,0,0,0,0,1,0,0,1,0,0,0,0,0,1,0,0,0,1,0,0,1,0,0,0,1
1967.0,0,0,0,1,0,1,0,0,0,0,1,0,0,0,1,0,1,0,0,0,0,1,0,0,0,0,1
1990.0,0,0,1,0,0,0,1,0,0,0,0,1,0,0,0,1,0,0,0,1,0,0,1,0,0,0,1
1922.0,0,0,1,0,0,0,1,0,0,0,0,1,0,0,1,0,0,0,0,1,0,0,1,0,0,0,1
1945.0,1,0,0,0,0,0,1,0,1,0,0,0,0,0,0,1,0,0,0,1,0,1,0,0,0,0,1
1968.0,0,1,0,0,0,0,0,1,1,0,0,0,1,0,0,0,0,0,1,0,0,0,0,1,0,0,1
1991.0,0,0,1,0,0,0,1,0,0,1,0,0,0,1,0,0,0,1,0,0,0,0,1,0,0,1,0
1923.0,1,0,0,0,0,0,0,1,1,0,0,0,0,0,0,1,0,0,1,0,0,0,0,1,0,0,1
1946.0,1,0,0,0,0,0,1,0,0,1,0,0,0,0,0,1,0,1,0,0,0,0,0,1,0,0,1
1969.0,0,1,0,0,0,0,0,1,0,0,1,0,0,0,1,0,0,0,1,0,0,0,1,0,0,0,1
1992.0,0,1,0,0,0,0,0,1,0,0,1,0,0,0,1,0,1,0,0,0,0,0,0,1,0,0,1
1924.0,1,0,0,0,0,0,1,0,0,1,0,0,0,0,0,1,0,1,0,0,0,0,1,0,0,1,0
1947.0,0,0,1,0,0,0,1,0,0,1,0,0,0,1,0,0,0,0,0,1,1,0,0,0,0,1,0
1970.0,0,0,0,1,0,0,0,1,0,0,1,0,1,0,0,0,0,0,1,0,0,0,1,0,0,0,1
1993.0,0,0,1,0,1,0,0,0,0,0,0,1,0,0,0,1,0,1,0,0,0,0,1,0,0,0,1
1925.0,1,0,0,0,0,0,1,0,0,1,0,0,0,1,0,0,0,0,0,1,0,0,1,0,0,1,0
1948.0,0,1,0,0,0,0,0,1,0,0,1,0,0,0,1,0,1,0,0,0,0,0,0,1,0,0,1
1971.0,0,1,0,0,0,1,0,0,0,0,1,0,0,0,1,0,0,0,1,0,0,1,0,0,0,0,1
1926.0,0,1,0,0,0,0,0,1,0,0,1,0,1,0,0,0,1,0,0,0,0,0,0,1,0,0,1
1949.0,0,0,1,0,1,0,0,0,0,0,0,1,0,0,0,1,0,0,0,1,0,0,1,0,0,0,1
1972.0,0,0,0,1,0,0,0,1,1,0,0,0,0,0,1,0,1,0,0,0,0,1,0,0,0,0,1
1903.0,1,0,0,0,0,0,1,0,1,0,0,0,0,1,0,0,0,0,0,1,0,0,0,1,0,0,1
1927.0,0,0,0,1,0,0,0,1,0,0,1,0,0,0,1,0,0,0,0,1,0,0,1,0,0,0,1
1950.0,0,0,0,1,0,0,0,1,0,0,1,0,0,0,1,0,0,0,0,1,0,0,1,0,0,0,1
1973.0,0,0,1,0,1,0,0,0,0,0,0,1,0,1,0,0,0,1,0,0,0,0,1,0,0,1,0
1905.0,0,0,0,1,1,0,0,0,0,0,0,1,0,0,1,0,0,0,1,0,0,0,1,0,0,0,1
1928.0,0,0,1,0,0,0,1,0,0,0,0,1,0,0,0,1,0,0,0,1,0,0,1,0,0,0,1
1951.0,1,0,0,0,0,0,1,0,0,1,0,0,0,0,0,1,0,0,0,1,0,0,1,0,0,0,1
1974.0,0,0,0,1,0,1,0,0,0,0,1,0,0,0,1,0,0,0,1,0,0,0,1,0,0,0,1
1906.0,0,0,0,1,1,0,0,0,0,0,0,1,1,0,0,0,0,0,0,1,0,0,1,0,0,0,1
1929.0,0,0,0,1,0,0,0,1,1,0,0,0,0,0,1,0,0,0,1,0,0,0,1,0,0,0,1
1952.0,0,1,0,0,0,0,0,1,1,0,0,0,0,0,1,0,1,0,0,0,0,0,0,1,0,0,1
1975.0,0,1,0,0,0,0,0,1,0,0,1,0,1,0,0,0,0,0,1,0,0,1,0,0,0,0,1
1907.0,0,0,1,0,0,0,1,0,0,0,0,1,0,0,0,1,0,0,0,1,0,0,1,0,0,0,1
1930.0,0,0,1,0,0,0,1,0,0,1,0,0,0,1,0,0,0,0,0,1,0,0,1,0,0,0,1
1953.0,0,0,1,0,0,0,1,0,0,1,0,0,0,1,0,0,0,0,0,1,0,0,1,0,0,0,1
1976.0,0,0,1,0,0,0,1,0,0,0,0,1,0,0,0,1,0,0,0,1,0,0,1,0,0,0,1
1908.0,0,0,0,1,0,0,1,0,1,0,0,0,0,0,0,1,0,0,0,1,0,0,1,0,0,0,1
1931.0,1,0,0,0,0,0,1,0,0,0,0,1,0,1,0,0,0,0,0,1,1,0,0,0,0,1,0
1954.0,0,0,1,0,0,0,1,0,0,0,0,1,0,0,0,1,0,0,0,1,0,0,1,0,0,0,1
1977.0,0,0,1,0,1,0,0,0,0,0,0,1,0,0,0,1,0,1,0,0,0,0,1,0,0,0,1
1909.0,0,0,1,0,1,0,0,0,0,0,0,1,0,1,0,0,0,0,1,0,0,1,0,0,0,0,1
1932.0,0,0,1,0,0,0,1,0,0,0,0,1,0,0,0,1,0,0,0,1,0,0,1,0,0,0,1
1955.0,0,1,0,0,0,1,0,0,0,0,1,0,0,0,1,0,0,0,1,0,0,1,0,0,0,0,1
1978.0,0,1,0,0,0,1,0,0,0,0,1,0,0,0,1,0,0,0,1,0,0,0,0,1,0,0,1
1910.0,0,0,1,0,0,0,1,0,0,0,0,1,0,1,0,0,0,0,0,1,0,0,1,0,0,0,1
1933.0,0,0,1,0,0,0,1,0,0,1,0,0,0,0,0,1,0,0,0,1,0,0,1,0,0,0,1
1956.0,0,1,0,0,0,1,0,0,0,0,1,0,0,0,1,0,0,0,1,0,0,1,0,0,0,0,1
1979.0,0,1,0,0,0,0,0,1,1,0,0,0,1,0,0,0,0,0,1,0,0,0,0,1,0,0,1
1911.0,0,1,0,0,0,0,1,0,0,0,0,1,0,0,1,0,0,1,0,0,0,0,1,0,0,0,1
1934.0,0,0,0,1,0,1,0,0,0,0,1,0,1,0,0,0,1,0,0,0,0,0,0,1,0,0,1
1957.0,0,1,0,0,0,0,0,1,1,0,0,0,0,0,1,0,0,0,1,0,0,1,0,0,0,0,1
1980.0,0,0,1,0,0,0,1,0,0,1,0,0,0,1,0,0,0,0,0,1,0,0,1,0,0,0,1
1912.0,0,0,0,1,1,0,0,0,0,0,0,1,0,0,1,0,0,1,0,0,1,0,0,0,0,1,0
1935.0,1,0,0,0,0,0,1,0,0,0,0,1,0,0,0,1,0,1,0,0,0,0,1,0,0,0,1
1958.0,0,1,0,0,0,1,0,0,0,0,1,0,1,0,0,0,0,0,1,0,0,0,0,1,0,0,1
1981.0,0,1,0,0,0,1,0,0,0,0,1,0,0,0,1,0,0,0,1,0,0,0,0,1,0,0,1
1913.0,0,0,0,1,1,0,0,0,0,0,0,1,0,0,1,0,0,0,0,1,0,0,1,0,0,0,1
1936.0,0,1,0,0,0,0,0,1,0,0,1,0,0,0,1,0,1,0,0,0,0,0,0,1,0,0,1
1959.0,0,1,0,0,0,0,0,1,0,0,1,0,0,0,1,0,1,0,0,0,0,0,0,1,0,0,1
1982.0,1,0,0,0,0,0,1,0,0,0,0,1,0,1,0,0,0,1,0,0,0,0,1,0,0,1,0
1914.0,0,0,0,1,0,0,0,1,0,0,1,0,0,0,1,0,0,0,0,1,0,0,1,0,0,0,1
1937.0,0,0,1,0,0,0,1,0,0,0,0,1,0,1,0,0,0,0,0,1,0,0,1,0,0,0,1
1960.0,0,0,1,0,1,0,0,0,0,1,0,0,0,0,0,1,0,0,0,1,1,0,0,0,0,1,0
1983.0,1,0,0,0,0,0,1,0,0,0,0,1,0,0,0,1,0,0,0,1,0,0,1,0,0,0,1
1915.0,0,1,0,0,0,0,0,1,0,0,1,0,0,0,1,0,0,0,0,1,0,0,1,0,0,0,1
1938.0,0,0,0,1,0,0,0,1,0,0,1,0,0,0,1,0,0,0,0,1,0,0,1,0,0,0,1
1961.0,0,0,1,0,1,0,0,0,0,0,0,1,0,0,0,1,0,0,0,1,0,0,1,0,0,0,1
1984.0,0,0,0,1,0,1,0,0,0,0,1,0,0,0,1,0,0,0,1,0,0,0,1,0,0,0,1
1916.0,0,0,1,0,0,0,1,0,0,1,0,0,0,0,0,1,0,0,1,0,0,0,1,0,0,0,1
1939.0,0,0,1,0,0,0,1,0,0,0,0,1,0,0,0,1,0,0,0,1,0,0,1,0,0,0,1
1962.0,0,0,0,1,0,1,0,0,0,0,1,0,1,0,0,0,0,0,1,0,0,1,0,0,0,0,1
1985.0,1,0,0,0,1,0,0,0,0,0,0,1,0,1,0,0,0,0,0,1,0,0,1,0,0,1,0
1917.0,0,0,1,0,0,0,1,0,0,1,0,0,0,1,0,0,0,0,1,0,0,0,0,1,0,0,1
1940.0,1,0,0,0,0,0,1,0,0,1,0,0,0,0,0,1,0,1,0,0,0,0,1,0,0,1,0
1963.0,0,0,0,1,0,0,0,1,0,0,1,0,0,0,1,0,0,0,0,1,0,0,1,0,0,0,1
1986.0,1,0,0,0,1,0,0,0,0,0,0,1,0,0,0,1,0,1,0,0,0,0,1,0,0,1,0
1918.0,0,0,0,1,0,1,0,0,0,0,0,1,0,0,1,0,1,0,0,0,0,0,1,0,0,0,1
1941.0,0,0,1,0,1,0,0,0,0,0,0,1,0,0,0,1,0,0,0,1,0,0,1,0,0,0,1
1964.0,0,0,1,0,1,0,0,0,0,1,0,0,0,0,0,1,0,0,0,1,1,0,0,0,0,1,0
1987.0,0,0,1,0,0,0,1,0,0,1,0,0,0,1,0,0,0,1,0,0,0,0,1,0,0,1,0
1919.0,0,0,1,0,0,0,1,0,0,1,0,0,0,0,0,1,0,0,0,1,1,0,0,0,1,0,0
1942.0,1,0,0,0,0,0,1,0,0,0,0,1,0,0,0,1,0,0,0,1,0,0,1,0,0,0,1
1965.0,0,1,0,0,0,1,0,0,0,0,1,0,0,0,1,0,0,0,1,0,0,1,0,0,0,0,1
1988.0,0,0,1,0,0,0,1,0,0,1,0,0,0,0,0,1,0,0,0,1,0,0,1,0,0,0,1
1920.0,0,0,0,1,0,1,0,0,0,1,0,0,0,0,1,0,0,0,1,0,0,0,1,0,0,1,0
1943.0,0,0,1,0,1,0,0,0,0,0,1,0,0,0,0,1,0,0,0,1,0,0,1,0,0,0,1
1966.0,0,0,0,1,0,0,0,1,0,0,1,0,0,0,1,0,0,0,0,1,0,0,1,0,0,0,1
1989.0,0,0,1,0,0,0,1,0,0,0,0,1,0,0,0,1,0,0,0,1,0,0,1,0,0,0,1
1921.0,1,0,0,0,0,1,0,0,0,0,1,0,0,0,0,1,1,0,0,0,0,0,0,1,0,1,0
1944.0,1,0,0,0,0,0,1,0,0,1,0,0,0,0,0,1,0,0,0,1,0,0,1,0,0,0,1
1967.0,0,0,0,1,0,1,0,0,0,0,1,0,0,0,1,0,1,0,0,0,0,1,0,0,0,0,1
1990.0,0,0,1,0,0,0,1,0,0,0,0,1,0,0,0,1,0,0,0,1,0,0,1,0,0,0,1
1922.0,0,0,1,0,0,0,1,0,0,0,0,1,0,0,1,0,0,0,0,1,0,0,1,0,0,0,1
1945.0,1,0,0,0,0,0,1,0,1,0,0,0,0,0,0,1,0,0,0,1,0,1,0,0,0,0,1
1968.0,0,1,0,0,0,0,0,1,1,0,0,0,1,0,0,0,0,0,1,0,0,0,0,1,0,0,1
1991.0,0,0,1,0,0,0,1,0,0,1,0,0,0,1,0,0,0,1,0,0,0,0,1,0,0,1,0
1923.0,1,0,0,0,0,0,0,1,1,0,0,0,0,0,0,1,0,0,1,0,0,0,0,1,0,0,1
1946.0,1,0,0,0,0,0,1,0,0,1,0,0,0,0,0,1,0,1,0,0,0,0,0,1,0,0,1
1969.0,0,1,0,0,0,0,0,1,0,0,1,0,0,0,1,0,0,0,1,0,0,0,1,0,0,0,1
1992.0,0,1,0,0,0,0,0,1,0,0,1,0,0,0,1,0,1,0,0,0,0,0,0,1,0,0,1
1924.0,1,0,0,0,0,0,1,0,0,1,0,0,0,0,0,1,0,1,0,0,0,0,1,0,0,1,0
1947.0,0,0,1,0,0,0,1,0,0,1,0,0,0,1,0,0,0,0,0,1,1,0,0,0,0,1,0
1970.0,0,0,0,1,0,0,0,1,0,0,1,0,1,0,0,0,0,0,1,0,0,0,1,0,0,0,1
1993.0,0,0,1,0,1,0,0,0,0,0,0,1,0,0,0,1,0,1,0,0,0,0,1,0,0,0,1
1925.0,1,0,0,0,0,0,1,0,0,1,0,0,0,1,0,0,0,0,0,1,0,0,1,0,0,1,0
1948.0,0,1,0,0,0,0,0,1,0,0,1,0,0,0,1,0,1,0,0,0,0,0,0,1,0,0,1
1971.0,0,1,0,0,0,1,0,0,0,0,1,0,0,0,1,0,0,0,1,0,0,1,0,0,0,0,1
1926.0,0,1,0,0,0,0,0,1,0,0,1,0,1,0,0,0,1,0,0,0,0,0,0,1,0,0,1
1949.0,0,0,1,0,1,0,0,0,0,0,0,1,0,0,0,1,0,0,0,1,0,0,1,0,0,0,1
1972.0,0,0,0,1,0,0,0,1,1,0,0,0,0,0,1,0,1,0,0,0,0,1,0,0,0,0,1
1903.0,1,0,0,0,0,0,1,0,1,0,0,0,0,1,0,0,0,0,0,1,0,0,0,1,0,0,1
1927.0,0,0,0,1,0,0,0,1,0,0,1,0,0,0,1,0,0,0,0,1,0,0,1,0,0,0,1
1950.0,0,0,0,1,0,0,0,1,0,0,1,0,0,0,1,0,0,0,0,1,0,0,1,0,0,0,1
1973.0,0,0,1,0,1,0,0,0,0,0,0,1,0,1,0,0,0,1,0,0,0,0,1,0,0,1,0
1905.0,0,0,0,1,1,0,0,0,0,0,0,1,0,0,1,0,0,0,1,0,0,0,1,0,0,0,1
1928.0,0,0,1,0,0,0,1,0,0,0,0,1,0,0,0,1,0,0,0,1,0,0,1,0,0,0,1
1951.0,1,0,0,0,0,0,1,0,0,1,0,0,0,0,0,1,0,0,0,1,0,0,1,0,0,0,1
1974.0,0,0,0,1,0,1,0,0,0,0,1,0,0,0,1,0,0,0,1,0,0,0,1,0,0,0,1
1906.0,0,0,0,1,1,0,0,0,0,0,0,1,1,0,0,0,0,0,0,1,0,0,1,0,0,0,1
1929.0,0,0,0,1,0,0,0,1,1,0,0,0,0,0,1,0,0,0,1,0,0,0,1,0,0,0,1
1952.0,0,1,0,0,0,0,0,1,1,0,0,0,0,0,1,0,1,0,0,0,0,0,0,1,0,0,1
1975.0,0,1,0,0,0,0,0,1,0,0,1,0,1,0,0,0,0,0,1,0,0,1,0,0,0,0,1
1907.0,0,0,1,0,0,0,1,0,0,0,0,1,0,0,0,1,0,0,0,1,0,0,1,0,0,0,1
1930.0,0,0,1,0,0,0,1,0,0,1,0,0,0,1,0,0,0,0,0,1,0,0,1,0,0,0,1
1953.0,0,0,1,0,0,0,1,0,0,1,0,0,0,1,0,0,0,0,0,1,0,0,1,0,0,0,1
1976.0,0,0,1,0,0,0,1,0,0,0,0,1,0,0,0,1,0,0,0,1,0,0,1,0,0,0,1
1908.0,0,0,0,1,0,0,1,0,1,0,0,0,0,0,0,1,0,0,0,1,0,0,1,0,0,0,1
1931.0,1,0,0,0,0,0,1,0,0,0,0,1,0,1,0,0,0,0,0,1,1,0,0,0,0,1,0
1954.0,0,0,1,0,0,0,1,0,0,0,0,1,0,0,0,1,0,0,0,1,0,0,1,0,0,0,1
1977.0,0,0,1,0,1,0,0,0,0,0,0,1,0,0,0,1,0,1,0,0,0,0,1,0,0,0,1
1909.0,0,0,1,0,1,0,0,0,0,0,0,1,0,1,0,0,0,0,1,0,0,1,0,0,0,0,1
1932.0,0,0,1,0,0,0,1,0,0,0,0,1,0,0,0,1,0,0,0,1,0,0,1,0,0,0,1
1955.0,0,1,0,0,0,1,0,0,0,0,1,0,0,0,1,0,0,0,1,0,0,1,0,0,0,0,1
1978.0,0,1,0,0,0,1,0,0,0,0,1,0,0,0,1,0,0,0,1,0,0,0,0,1,0,0,1
1910.0,0,0,1,0,0,0,1,0,0,0,0,1,0,1,0,0,0,0,0,1,0,0,1,0,0,0,1
1933.0,0,0,1,0,0,0,1,0,0,1,0,0,0,0,0,1,0,0,0,1,0,0,1,0,0,0,1
1956.0,0,1,0,0,0,1,0,0,0,0,1,0,0,0,1,0,0,0,1,0,0,1,0,0,0,0,1
1979.0,0,1,0,0,0,0,0,1,1,0,0,0,1,0,0,0,0,0,1,0,0,0,0,1,0,0,1
1911.0,0,1,0,0,0,0,1,0,0,0,0,1,0,0,1,0,0,1,0,0,0,0,1,0,0,0,1
1934.0,0,0,0,1,0,1,0,0,0,0,1,0,1,0,0,0,1,0,0,0,0,0,0,1,0,0,1
1957.0,0,1,0,0,0,0,0,1,1,0,0,0,0,0,1,0,0,0,1,0,0,1,0,0,0,0,1
1980.0,0,0,1,0,0,0,1,0,0,1,0,0,0,1,0,0,0,0,0,1,0,0,1,0,0,0,1
1912.0,0,0,0,1,1,0,0,0,0,0,0,1,0,0,1,0,0,1,0,0,1,0,0,0,0,1,0
1935.0,1,0,0,0,0,0,1,0,0,0,0,1,0,0,0,1,0,1,0,0,0,0,1,0,0,0,1
1958.0,0,1,0,0,0,1,0,0,0,0,1,0,1,0,0,0,0,0,1,0,0,0,0,1,0,0,1
1981.0,0,1,0,0,0,1,0,0,0,0,1,0,0,0,1,0,0,0,1,0,0,0,0,1,0,0,1
1913.0,0,0,0,1,1,0,0,0,0,0,0,1,0,0,1,0,0,0,0,1,0,0,1,0,0,0,1
1936.0,0,1,0,0,0,0,0,1,0,0,1,0,0,0,1,0,1,0,0,0,0,0,0,1,0,0,1
1959.0,0,1,0,0,0,0,0,1,0,0,1,0,0,0,1,0,1,0,0,0,0,0,0,1,0,0,1
1982.0,1,0,0,0,0,0,1,0,0,0,0,1,0,1,0,0,0,1,0,0,0,0,1,0,0,1,0
1914.0,0,0,0,1,0,0,0,1,0,0,1,0,0,0,1,0,0,0,0,1,0,0,1,0,0,0,1
1937.0,0,0,1,0,0,0,1,0,0,0,0,1,0,1,0,0,0,0,0,1,0,0,1,0,0,0,1
1960.0,0,0,1,0,1,0,0,0,0,1,0,0,0,0,0,1,0,0,0,1,1,0,0,0,0,1,0
1983.0,1,0,0,0,0,0,1,0,0,0,0,1,0,0,0,1,0,0,0,1,0,0,1,0,0,0,1
1915.0,0,1,0,0,0,0,0,1,0,0,1,0,0,0,1,0,0,0,0,1,0,0,1,0,0,0,1
1938.0,0,0,0,1,0,0,0,1,0,0,1,0,0,0,1,0,0,0,0,1,0,0,1,0,0,0,1
1961.0,0,0,1,0,1,0,0,0,0,0,0,1,0,0,0,1,0,0,0,1,0,0,1,0,0,0,1
1984.0,0,0,0,1,0,1,0,0,0,0,1,0,0,0,1,0,0,0,1,0,0,0,1,0,0,0,1
1916.0,0,0,1,0,0,0,1,0,0,1,0,0,0,0,0,1,0,0,1,0,0,0,1,0,0,0,1
1939.0,0,0,1,0,0,0,1,0,0,0,0,1,0,0,0,1,0,0,0,1,0,0,1,0,0,0,1
1962.0,0,0,0,1,0,1,0,0,0,0,1,0,1,0,0,0,0,0,1,0,0,1,0,0,0,0,1
1985.0,1,0,0,0,1,0,0,0,0,0,0,1,0,1,0,0,0,0,0,1,0,0,1,0,0,1,0
1917.0,0,0,1,0,0,0,1,0,0,1,0,0,0,1,0,0,0,0,1,0,0,0,0,1,0,0,1
1940.0,1,0,0,0,0,0,1,0,0,1,0,0,0,0,0,1,0,1,0,0,0,0,1,0,0,1,0
1963.0,0,0,0,1,0,0,0,1,0,0,1,0,0,0,1,0,0,0,0,1,0,0,1,0,0,0,1
1986.0,1,0,0,0,1,0,0,0,0,0,0,1,0,0,0,1,0,1,0,0,0,0,1,0,0,1,0
1918.0,0,0,0,1,0,1,0,0,0,0,0,1,0,0,1,0,1,0,0,0,0,0,1,0,0,0,1
1941.0,0,0,1,0,1,0,0,0,0,0,0,1,0,0,0,1,0,0,0,1,0,0,1,0,0,0,1
1964.0,0,0,1,0,1,0,0,0,0,1,0,0,0,0,0,1,0,0,0,1,1,0,0,0,0,1,0
1987.0,0,0,1,0,0,0,1,0,0,1,0,0,0,1,0,0,0,1,0,0,0,0,1,0,0,1,0
1919.0,0,0,1,0,0,0,1,0,0,1,0,0,0,0,0,1,0,0,0,1,1,0,0,0,1,0,0
1942.0,1,0,0,0,0,0,1,0,0,0,0,1,0,0,0,1,0,0,0,1,0,0,1,0,0,0,1
1965.0,0,1,0,0,0,1,0,0,0,0,1,0,0,0,1,0,0,0,1,0,0,1,0,0,0,0,1
1988.0,0,0,1,0,0,0,1,0,0,1,0,0,0,0,0,1,0,0,0,1,0,0,1,0,0,0,1
1920.0,0,0,0,1,0,1,0,0,0,1,0,0,0,0,1,0,0,0,1,0,0,0,1,0,0,1,0
1943.0,0,0,1,0,1,0,0,0,0,0,1,0,0,0,0,1,0,0,0,1,0,0,1,0,0,0,1
1966.0,0,0,0,1,0,0,0,1,0,0,1,0,0,0,1,0,0,0,0,1,0,0,1,0,0,0,1
1989.0,0,0,1,0,0,0,1,0,0,0,0,1,0,0,0,1,0,0,0,1,0,0,1,0,0,0,1
1921.0,1,0,0,0,0,1,0,0,0,0,1,0,0,0,0,1,1,0,0,0,0,0,0,1,0,1,0
1944.0,1,0,0,0,0,0,1,0,0,1,0,0,0,0,0,1,0,0,0,1,0,0,1,0,0,0,1
1967.0,0,0,0,1,0,1,0,0,0,0,1,0,0,0,1,0,1,0,0,0,0,1,0,0,0,0,1
1990.0,0,0,1,0,0,0,1,0,0,0,0,1,0,0,0,1,0,0,0,1,0,0,1,0,0,0,1
1922.0,0,0,1,0,0,0,1,0,0,0,0,1,0,0,1,0,0,0,0,1,0,0,1,0,0,0,1
1945.0,1,0,0,0,0,0,1,0,1,0,0,0,0,0,0,1,0,0,0,1,0,1,0,0,0,0,1
1968.0,0,1,0,0,0,0,0,1,1,0,0,0,1,0,0,0,0,0,1,0,0,0,0,1,0,0,1
1991.0,0,0,1,0,0,0,1,0,0,1,0,0,0,1,0,0,0,1,0,0,0,0,1,0,0,1,0
1923.0,1,0,0,0,0,0,0,1,1,0,0,0,0,0,0,1,0,0,1,0,0,0,0,1,0,0,1
1946.0,1,0,0,0,0,0,1,0,0,1,0,0,0,0,0,1,0,1,0,0,0,0,0,1,0,0,1
1969.0,0,1,0,0,0,0,0,1,0,0,1,0,0,0,1,0,0,0,1,0,0,0,1,0,0,0,1
1992.0,0,1,0,0,0,0,0,1,0,0,1,0,0,0,1,0,1,0,0,0,0,0,0,1,0,0,1
1924.0,1,0,0,0,0,0,1,0,0,1,0,0,0,0,0,1,0,1,0,0,0,0,1,0,0,1,0
1947.0,0,0,1,0,0,0,1,0,0,1,0,0,0,1,0,0,0,0,0,1,1,0,0,0,0,1,0
1970.0,0,0,0,1,0,0,0,1,0,0,1,0,1,0,0,0,0,0,1,0,0,0,1,0,0,0,1
1993.0,0,0,1,0,1,0,0,0,0,0,0,1,0,0,0,1,0,1,0,0,0,0,1,0,0,0,1
1925.0,1,0,0,0,0,0,1,0,0,1,0,0,0,1,0,0,0,0,0,1,0,0,1,0,0,1,0
1948.0,0,1,0,0,0,0,0,1,0,0,1,0,0,0,1,0,1,0,0,0,0,0,0,1,0,0,1
1971.0,0,1,0,0,0,1,0,0,0,0,1,0,0,0,1,0,0,0,1,0,0,1,0,0,0,0,1
1926.0,0,1,0,0,0,0,0,1,0,0,1,0,1,0,0,0,1,0,0,0,0,0,0,1,0,0,1
1949.0,0,0,1,0,1,0,0,0,0,0,0,1,0,0,0,1,0,0,0,1,0,0,1,0,0,0,1
1972.0,0,0,0,1,0,0,0,1,1,0,0,0,0,0,1,0,1,0,0,0,0,1,0,0,0,0,1
1903.0,1,0,0,0,0,0,1,0,1,0,0,0,0,1,0,0,0,0,0,1,0,0,0,1,0,0,1
1927.0,0,0,0,1,0,0,0,1,0,0,1,0,0,0,1,0,0,0,0,1,0,0,1,0,0,0,1
1950.0,0,0,0,1,0,0,0,1,0,0,1,0,0,0,1,0,0,0,0,1,0,0,1,0,0,0,1
1973.0,0,0,1,0,1,0,0,0,0,0,0,1,0,1,0,0,0,1,0,0,0,0,1,0,0,1,0
1905.0,0,0,0,1,1,0,0,0,0,0,0,1,0,0,1,0,0,0,1,0,0,0,1,0,0,0,1
1928.0,0,0,1,0,0,0,1,0,0,0,0,1,0,0,0,1,0,0,0,1,0,0,1,0,0,0,1
1951.0,1,0,0,0,0,0,1,0,0,1,0,0,0,0,0,1,0,0,0,1,0,0,1,0,0,0,1
1974.0,0,0,0,1,0,1,0,0,0,0,1,0,0,0,1,0,0,0,1,0,0,0,1,0,0,0,1
1906.0,0,0,0,1,1,0,0,0,0,0,0,1,1,0,0,0,0,0,0,1,0,0,1,0,0,0,1
1929.0,0,0,0,1,0,0,0,1,1,0,0,0,0,0,1,0,0,0,1,0,0,0,1,0,0,0,1
1952.0,0,1,0,0,0,0,0,1,1,0,0,0,0,0,1,0,1,0,0,0,0,0,0,1,0,0,1
1975.0,0,1,0,0,0,0,0,1,0,0,1,0,1,0,0,0,0,0,1,0,0,1,0,0,0,0,1
1907.0,0,0,1,0,0,0,1,0,0,0,0,1,0,0,0,1,0,0,0,1,0,0,1,0,0,0,1
1930.0,0,0,1,0,0,0,1,0,0,1,0,0,0,1,0,0,0,0,0,1,0,0,1,0,0,0,1
1953.0,0,0,1,0,0,0,1,0,0,1,0,0,0,1,0,0,0,0,0,1,0,0,1,0,0,0,1
1976.0,0,0,1,0,0,0,1,0,0,0,0,1,0,0,0,1,0,0,0,1,0,0,1,0,0,0,1
1908.0,0,0,0,1,0,0,1,0,1,0,0,0,0,0,0,1,0,0,0,1,0,0,1,0,0,0,1
1931.0,1,0,0,0,0,0,1,0,0,0,0,1,0,1,0,0,0,0,0,1,1,0,0,0,0,1,0
1954.0,0,0,1,0,0,0,1,0,0,0,0,1,0,0,0,1,0,0,0,1,0,0,1,0,0,0,1
1977.0,0,0,1,0,1,0,0,0,0,0,0,1,0,0,0,1,0,1,0,0,0,0,1,0,0,0,1
1909.0,0,0,1,0,1,0,0,0,0,0,0,1,0,1,0,0,0,0,1,0,0,1,0,0,0,0,1
1932.0,0,0,1,0,0,0,1,0,0,0,0,1,0,0,0,1,0,0,0,1,0,0,1,0,0,0,1
1955.0,0,1,0,0,0,1,0,0,0,0,1,0,0,0,1,0,0,0,1,0,0,1,0,0,0,0,1
1978.0,0,1,0,0,0,1,0,0,0,0,1,0,0,0,1,0,0,0,1,0,0,0,0,1,0,0,1
1910.0,0,0,1,0,0,0,1,0,0,0,0,1,0,1,0,0,0,0,0,1,0,0,1,0,0,0,1
1933.0,0,0,1,0,0,0,1,0,0,1,0,0,0,0,0,1,0,0,0,1,0,0,1,0,0,0,1
1956.0,0,1,0,0,0,1,0,0,0,0,1,0,0,0,1,0,0,0,1,0,0,1,0,0,0,0,1
1979.0,0,1,0,0,0,0,0,1,1,0,0,0,1,0,0,0,0,0,1,0,0,0,0,1,0,0,1
1911.0,0,1,0,0,0,0,1,0,0,0,0,1,0,0,1,0,0,1,0,0,0,0,1,0,0,0,1
1934.0,0,0,0,1,0,1,0,0,0,0,1,0,1,0,0,0,1,0,0,0,0,0,0,1,0,0,1
1957.0,0,1,0,0,0,0,0,1,1,0,0,0,0,0,1,0,0,0,1,0,0,1,0,0,0,0,1
1980.0,0,0,1,0,0,0,1,0,0,1,0,0,0,1,0,0,0,0,0,1,0,0,1,0,0,0,1
1912.0,0,0,0,1,1,0,0,0,0,0,0,1,0,0,1,0,0,1,0,0,1,0,0,0,0,1,0
1935.0,1,0,0,0,0,0,1,0,0,0,0,1,0,0,0,1,0,1,0,0,0,0,1,0,0,0,1
1958.0,0,1,0,0,0,1,0,0,0,0,1,0,1,0,0,0,0,0,1,0,0,0,0,1,0,0,1
1981.0,0,1,0,0,0,1,0,0,0,0,1,0,0,0,1,0,0,0,1,0,0,0,0,1,0,0,1
1913.0,0,0,0,1,1,0,0,0,0,0,0,1,0,0,1,0,0,0,0,1,0,0,1,0,0,0,1
1936.0,0,1,0,0,0,0,0,1,0,0,1,0,0,0,1,0,1,0,0,0,0,0,0,1,0,0,1
1959.0,0,1,0,0,0,0,0,1,0,0,1,0,0,0,1,0,1,0,0,0,0,0,0,1,0,0,1
1982.0,1,0,0,0,0,0,1,0,0,0,0,1,0,1,0,0,0,1,0,0,0,0,1,0,0,1,0
1914.0,0,0,0,1,0,0,0,1,0,0,1,0,0,0,1,0,0,0,0,1,0,0,1,0,0,0,1
1937.0,0,0,1,0,0,0,1,0,0,0,0,1,0,1,0,0,0,0,0,1,0,0,1,0,0,0,1
1960.0,0,0,1,0,1,0,0,0,0,1,0,0,0,0,0,1,0,0,0,1,1,0,0,0,0,1,0
1983.0,1,0,0,0,0,0,1,0,0,0,0,1,0,0,0,1,0,0,0,1,0,0,1,0,0,0,1
1915.0,0,1,0,0,0,0,0,1,0,0,1,0,0,0,1,0,0,0,0,1,0,0,1,0,0,0,1
1938.0,0,0,0,1,0,0,0,1,0,0,1,0,0,0,1,0,0,0,0,1,0,0,1,0,0,0,1
1961.0,0,0,1,0,1,0,0,0,0,0,0,1,0,0,0,1,0,0,0,1,0,0,1,0,0,0,1
1984.0,0,0,0,1,0,1,0,0,0,0,1,0,0,0,1,0,0,0,1,0,0,0,1,0,0,0,1
1916.0,0,0,1,0,0,0,1,0,0,1,0,0,0,0,0,1,0,0,1,0,0,0,1,0,0,0,1
1939.0,0,0,1,0,0,0,1,0,0,0,0,1,0,0,0,1,0,0,0,1,0,0,1,0,0,0,1
1962.0,0,0,0,1,0,1,0,0,0,0,1,0,1,0,0,0,0,0,1,0,0,1,0,0,0,0,1
1985.0,1,0,0,0,1,0,0,0,0,0,0,1,0,1,0,0,0,0,0,1,0,0,1,0,0,1,0
1917.0,0,0,1,0,0,0,1,0,0,1,0,0,0,1,0,0,0,0,1,0,0,0,0,1,0,0,1
1940.0,1,0,0,0,0,0,1,0,0,1,0,0,0,0,0,1,0,1,0,0,0,0,1,0,0,1,0
1963.0,0,0,0,1,0,0,0,1,0,0,1,0,0,0,1,0,0,0,0,1,0,0,1,0,0,0,1
1986.0,1,0,0,0,1,0,0,0,0,0,0,1,0,0,0,1,0,1,0,0,0,0,1,0,0,1,0
1918.0,0,0,0,1,0,1,0,0,0,0,0,1,0,0,1,0,1,0,0,0,0,0,1,0,0,0,1
1941.0,0,0,1,0,1,0,0,0,0,0,0,1,0,0,0,1,0,0,0,1,0,0,1,0,0,0,1
1964.0,0,0,1,0,1,0,0,0,0,1,0,0,0,0,0,1,0,0,0,1,1,0,0,0,0,1,0
1987.0,0,0,1,0,0,0,1,0,0,1,0,0,0,1,0,0,0,1,0,0,0,0,1,0,0,1,0
1919.0,0,0,1,0,0,0,1,0,0,1,0,0,0,0,0,1,0,0,0,1,1,0,0,0,1,0,0
1942.0,1,0,0,0,0,0,1,0,0,0,0,1,0,0,0,1,0,0,0,1,0,0,1,0,0,0,1
1965.0,0,1,0,0,0,1,0,0,0,0,1,0,0,0,1,0,0,0,1,0,0,1,0,0,0,0,1
1988.0,0,0,1,0,0,0,1,0,0,1,0,0,0,0,0,1,0,0,0,1,0,0,1,0,0,0,1
1920.0,0,0,0,1,0,1,0,0,0,1,0,0,0,0,1,0,0,0,1,0,0,0,1,0,0,1,0
1943.0,0,0,1,0,1,0,0,0,0,0,1,0,0,0,0,1,0,0,0,1,0,0,1,0,0,0,1
1966.0,0,0,0,1,0,0,0,1,0,0,1,0,0,0,1,0,0,0,0,1,0,0,1,0,0,0,1
1989.0,0,0,1,0,0,0,1,0,0,0,0,1,0,0,0,1,0,0,0,1,0,0,1,0,0,0,1
1921.0,1,0,0,0,0,1,0,0,0,0,1,0,0,0,0,1,1,0,0,0,0,0,0,1,0,1,0
1944.0,1,0,0,0,0,0,1,0,0,1,0,0,0,0,0,1,0,0,0,1,0,0,1,0,0,0,1
1967.0,0,0,0,1,0,1,0,0,0,0,1,0,0,0,1,0,1,0,0,0,0,1,0,0,0,0,1
1990.0,0,0,1,0,0,0,1,0,0,0,0,1,0,0,0,1,0,0,0,1,0,0,1,0,0,0,1
1922.0,0,0,1,0,0,0,1,0,0,0,0,1,0,0,1,0,0,0,0,1,0,0,1,0,0,0,1
1945.0,1,0,0,0,0,0,1,0,1,0,0,0,0,0,0,1,0,0,0,1,0,1,0,0,0,0,1
1968.0,0,1,0,0,0,0,0,1,1,0,0,0,1,0,0,0,0,0,1,0,0,0,0,1,0,0,1
1991.0,0,0,1,0,0,0,1,0,0,1,0,0,0,1,0,0,0,1,0,0,0,0,1,0,0,1,0
1923.0,1,0,0,0,0,0,0,1,1,0,0,0,0,0,0,1,0,0,1,0,0,0,0,1,0,0,1
1946.0,1,0,0,0,0,0,1,0,0,1,0,0,0,0,0,1,0,1,0,0,0,0,0,1,0,0,1
1969.0,0,1,0,0,0,0,0,1,0,0,1,0,0,0,1,0,0,0,1,0,0,0,1,0,0,0,1
1992.0,0,1,0,0,0,0,0,1,0,0,1,0,0,0,1,0,1,0,0,0,0,0,0,1,0,0,1
1924.0,1,0,0,0,0,0,1,0,0,1,0,0,0,0,0,1,0,1,0,0,0,0,1,0,0,1,0
1947.0,0,0,1,0,0,0,1,0,0,1,0,0,0,1,0,0,0,0,0,1,1,0,0,0,0,1,0
1970.0,0,0,0,1,0,0,0,1,0,0,1,0,1,0,0,0,0,0,1,0,0,0,1,0,0,0,1
1993.0,0,0,1,0,1,0,0,0,0,0,0,1,0,0,0,1,0,1,0,0,0,0,1,0,0,0,1
1925.0,1,0,0,0,0,0,1,0,0,1,0,0,0,1,0,0,0,0,0,1,0,0,1,0,0,1,0
1948.0,0,1,0,0,0,0,0,1,0,0,1,0,0,0,1,0,1,0,0,0,0,0,0,1,0,0,1
1971.0,0,1,0,0,0,1,0,0,0,0,1,0,0,0,1,0,0,0,1,0,0,1,0,0,0,0,1
1926.0,0,1,0,0,0,0,0,1,0,0,1,0,1,0,0,0,1,0,0,0,0,0,0,1,0,0,1
1949.0,0,0,1,0,1,0,0,0,0,0,0,1,0,0,0,1,0,0,0,1,0,0,1,0,0,0,1
1972.0,0,0,0,1,0,0,0,1,1,0,0,0,0,0,1,0,1,0,0,0,0,1,0,0,0,0,1
