1.5,7.8,66.3,4.5,7.9,70.2,5.5,7.9,72.3,0.3,7.3,81.0,0.02,,58.8,95.5,,70.0,,79.4,87.3
3.0,7.7,69.2,6.5,7.7,75.4,7.7,7.6,79.2,0.4,7.5,94.1,0.0,,60.7,94.8,,80.8,,79.5,92.1
5.0,7.6,69.9,3.4,7.7,72.7,4.5,7.7,78.3,0.2,7.6,81.0,0.05,,58.2,95.6,,52.9,,75.8,88.7
3.5,7.9,65.6,4.5,7.8,73.1,8.5,7.8,77.1,0.4,7.6,96.7,0.0,33.1,64.2,95.3,87.3,72.3,90.2,82.3,89.6
1.5,8.0,64.8,4.0,7.9,57.6,4.5,7.8,68.2,0.2,7.6,65.9,0.02,,62.7,95.6,,71.0,92.1,78.2,87.5
3.0,7.8,68.8,4.5,7.8,66.1,8.5,7.7,76.0,0.3,7.5,82.1,0.0,,59.7,96.5,86.7,78.3,90.1,73.1,84.9
6.0,7.8,64.1,5.0,7.8,67.5,6.5,7.8,72.1,0.4,7.5,84.6,0.05,,61.9,93.8,89.1,79.8,,86.2,90.1
5.0,7.7,40.7,6.0,7.6,53.9,8.0,7.6,71.1,0.4,7.5,66.7,0.0,,70.4,95.6,90.6,53.7,92.1,66.9,94.6
2.5,7.7,69.1,4.5,7.7,61.8,4.0,7.7,77.4,0.3,7.5,84.2,0.03,46.1,43.6,92.5,85.6,58.2,92.2,73.8,90.2
2.0,7.8,69.0,5.0,7.8,66.1,6.5,7.8,78.0,0.6,7.6,87.0,0.02,21.2,59.7,90.8,88.4,66.1,89.0,69.0,86.5
0.7,7.9,67.0,5.5,8.1,62.5,5.0,7.7,71.2,0.4,7.6,79.6,3.5,0.6,45.8,92.0,11.6,25.7,19.6,36.0,43.0
1.5,7.7,33.8,3.5,7.6,31.3,4.2,7.6,51.9,0.3,7.4,73.9,2.0,31.8,61.2,92.9,,,,,18.5
0.7,7.6,58.6,1.2,7.9,64.7,3.0,7.7,82.9,0.3,7.5,78.8,0.06,46.6,48.5,91.7,,20.4,26.3,31.7,10.3
,8.1,67.8,3.0,7.8,74.4,2.5,7.8,79.5,0.4,7.6,87.8,0.0,41.1,50.0,84.0,76.5,52.9,84.3,54.1,43.7
3.5,7.6,57.4,2.5,7.6,63.6,2.0,7.6,81.8,0.2,7.5,82.9,0.02,32.7,33.3,90.0,82.6,61.3,87.0,71.4,78.2
1.5,7.8,58.9,5.5,7.7,71.9,5.5,7.7,88.6,0.4,7.6,85.0,0.0,28.0,72.7,92.7,78.8,36.6,85.9,60.4,90.7
1.2,7.4,61.1,7.0,7.4,57.4,6.5,7.4,73.3,0.5,7.3,82.5,0.0,49.8,58.3,92.3,89.9,96.8,94.4,98.1,92.1
1.2,7.8,63.4,4.0,7.7,65.3,6.0,7.7,80.5,1.3,7.5,82.7,0.03,,39.6,78.3,85.5,70.4,91.3,73.4,89.4
1.2,7.6,61.3,5.5,7.7,70.0,5.0,7.6,84.3,0.4,7.5,84.2,0.02,35.3,57.5,92.0,75.6,49.3,80.8,60.8,76.1
3.0,7.6,57.0,7.0,7.5,58.1,5.5,7.5,65.9,0.4,7.5,68.0,0.0,20.1,64.5,93.6,86.9,68.1,87.4,72.2,88.3
8.5,7.5,55.0,3.8,7.5,67.4,4.0,7.5,85.4,0.4,7.1,94.1,0.0,29.4,55.4,91.3,85.2,68.0,88.4,81.4,92.9
1.2,7.7,74.0,4.0,7.6,71.7,3.5,7.5,78.3,0.3,7.6,78.3,0.01,28.1,50.0,91.4,85.2,76.5,87.8,82.5,88.5
3.0,7.8,49.4,6.0,7.7,49.4,6.5,7.7,72.2,0.6,7.6,69.7,0.0,52.0,64.9,90.8,87.6,71.2,90.3,77.6,92.5
1.0,7.6,69.0,3.5,7.8,72.1,6.0,7.8,78.3,0.3,7.9,85.0,0.0,26.7,66.2,95.0,89.2,72.5,91.1,78.7,88.1
3.0,8.0,66.7,4.5,8.0,61.7,6.0,8.0,78.6,0.4,7.8,81.0,0.0,34.3,65.0,94.2,89.3,69.7,89.7,78.1,89.1
1.4,7.9,64.9,4.6,7.6,64.7,7.5,7.8,81.8,0.2,7.8,81.8,0.0,27.2,67.6,97.3,90.4,68.0,91.4,78.0,90.4
7.5,7.9,62.3,3.5,7.9,65.2,4.7,7.8,73.9,0.5,7.5,75.0,0.05,,50.0,89.4,,76.6,,79.5,90.6
4.25,7.8,76.5,2.5,7.8,74.5,2.0,7.8,69.4,0.4,7.5,83.3,0.0,6.8,47.9,80.0,84.6,78.9,80.0,80.8,82.4
3.0,7.6,69.0,3.1,7.6,69.9,4.6,7.6,75.0,0.2,7.4,82.0,0.0,42.7,54.5,95.7,84.9,73.6,88.1,78.9,83.3
1.0,8.1,70.8,4.0,8.1,72.0,5.5,7.9,79.1,0.3,7.7,83.8,0.0,,33.0,94.5,85.3,73.7,84.4,76.8,80.7
0.7,8.2,66.7,6.7,8.3,66.0,10.5,7.9,81.8,0.2,7.5,81.4,0.05,13.8,58.5,98.6,75.0,67.3,79.8,77.1,71.1
1.5,7.9,65.1,3.8,8.0,74.4,4.0,7.8,81.4,0.2,7.5,82.9,0.0,,44.9,95.0,83.2,67.8,85.5,71.8,79.7
2.0,8.0,70.5,4.0,8.0,70.2,5.5,7.8,77.8,0.2,7.5,83.9,0.0,7.3,52.1,96.4,84.2,71.2,84.3,73.2,82.4
3.5,7.9,67.4,4.0,8.1,68.1,5.5,7.7,77.8,0.2,7.6,81.3,0.0,18.0,52.1,96.4,85.7,70.6,80.0,78.5,82.6
0.9,7.5,76.5,3.5,7.6,75.3,4.0,7.7,82.4,0.2,7.5,90.9,0.05,,42.7,96.3,86.6,71.3,,77.1,80.6
1.0,7.9,70.9,5.5,7.9,71.6,6.0,7.8,81.5,0.2,7.5,84.2,0.02,,50.5,96.7,80.6,66.5,,75.7,80.6
1.0,7.7,55.7,6.5,7.8,62.5,6.0,7.8,66.7,0.5,7.6,76.1,0.25,,53.1,92.5,,34.4,,58.5,76.0
1.2,8.0,65.2,5.2,8.1,65.8,8.5,7.9,80.0,0.4,7.5,88.4,0.05,,67.1,95.3,85.2,73.1,88.7,79.3,85.6
1.0,7.7,75.0,4.5,7.7,74.6,7.0,7.7,80.8,0.4,7.4,84.8,0.0,4.6,55.9,94.3,85.5,76.6,87.0,81.7,82.8
1.2,8.0,75.4,7.0,8.0,77.8,8.0,7.8,80.4,0.3,7.6,90.6,0.0,28.9,63.5,96.9,84.8,63.8,89.4,,89.0
2.0,7.8,67.8,4.0,7.8,76.5,3.0,7.7,74.0,0.8,7.6,91.7,0.02,16.4,38.3,73.3,81.1,73.7,87.8,79.9,86.2
1.2,8.2,72.0,0.4,8.0,71.2,4.5,7.9,72.9,1.0,7.6,78.7,0.02,25.2,43.3,77.8,85.4,79.2,88.1,83.1,82.3
1.0,7.8,74.1,4.0,7.7,71.9,4.5,7.7,78.0,0.5,7.5,87.4,0.02,17.3,66.9,90.0,87.2,75.0,87.6,79.2,82.9
3.5,8.1,67.6,5.8,8.1,66.1,7.5,7.9,77.1,0.5,7.4,84.0,0.0,33.0,61.3,93.3,81.2,74.7,,85.5,88.7
1.5,8.1,68.4,5.2,8.0,69.6,6.0,8.1,80.4,0.4,7.7,82.1,0.0,19.1,58.9,93.3,91.0,76.3,92.2,82.4,86.3
2.0,7.7,67.9,4.0,7.7,68.1,4.5,7.7,74.5,0.7,7.5,74.1,0.05,26.3,41.5,84.4,74.6,64.7,84.4,67.1,72.2
1.2,7.6,68.4,4.5,7.7,69.7,7.0,7.7,73.3,0.6,7.6,84.1,0.02,,54.5,91.4,,75.0,,76.6,88.3
1.0,8.1,75.6,3.5,8.1,74.1,5.5,7.9,93.6,0.6,7.6,95.5,0.02,,59.5,90.0,,65.3,,78.1,77.4
3.0,7.8,68.5,5.0,7.8,62.3,7.5,7.7,68.3,0.4,7.6,93.3,0.0,,70.3,94.7,,79.8,,82.4,92.3
0.35,7.6,54.4,4.5,7.5,55.3,3.0,7.6,48.6,0.2,7.5,51.8,0.03,,62.8,93.3,,62.5,86.7,71.8,87.5
1.4,7.9,76.5,4.0,7.9,70.8,4.5,7.9,72.9,0.3,7.6,80.6,0.0,,50.0,94.4,85.9,73.6,86.7,79.4,89.4
1.0,7.8,65.5,5.5,7.9,71.3,4.0,7.8,81.6,0.2,7.5,77.4,0.01,32.6,62.4,95.0,81.3,59.9,87.5,71.8,85.9
3.0,7.8,67.8,5.2,7.9,66.1,5.5,7.8,80.0,0.3,7.5,82.0,0.0,13.2,57.6,95.5,85.3,70.4,85.0,77.2,83.3
1.2,7.6,74.2,4.5,7.5,81.8,4.0,7.5,87.2,0.2,7.4,84.0,0.02,38.2,46.6,95.0,84.9,61.1,89.4,73.8,86.6
2.0,7.8,70.8,8.0,7.9,65.7,8.0,7.8,80.0,0.4,7.5,86.7,0.02,,62.7,95.6,75.9,59.1,,82.7,85.0
3.5,7.8,72.3,5.0,7.9,77.8,4.5,7.8,90.2,0.2,7.5,83.7,0.02,,67.5,95.6,77.3,54.5,86.9,74.0,79.3
1.0,8.1,66.9,6.5,7.9,69.7,5.4,7.9,72.0,0.3,7.5,83.3,0.05,,62.1,94.4,83.9,68.6,87.8,81.1,85.1
3.5,7.9,70.8,6.5,7.8,71.1,4.5,7.7,82.0,0.5,7.5,84.1,0.05,40.7,45.7,88.9,82.6,58.3,88.9,71.1,88.5
17.0,7.7,63.7,7.5,7.6,62.8,9.0,7.7,70.1,1.3,7.5,80.6,0.01,20.9,61.0,85.6,85.5,79.6,,82.5,87.7
3.5,7.8,74.0,5.0,7.7,78.3,4.7,7.6,75.0,0.4,7.4,85.0,0.05,37.7,47.8,91.5,86.3,76.6,91.6,85.4,90.0
4.5,7.8,68.9,4.5,7.8,75.0,5.5,7.8,83.0,0.2,7.4,85.4,0.05,25.9,55.8,96.4,82.6,75.9,86.8,81.2,80.7
1.7,7.8,67.1,4.0,7.8,69.8,3.5,7.8,74.5,0.7,7.5,77.8,0.05,9.2,40.7,80.0,84.4,74.8,84.7,78.3,82.9
3.5,7.8,62.4,3.2,7.8,66.7,5.0,7.9,69.8,0.5,7.5,81.6,0.05,24.0,48.0,90.0,82.6,70.1,81.9,71.5,79.6
1.75,7.7,69.7,2.7,7.7,68.8,2.5,7.7,72.3,0.6,7.4,77.8,0.05,15.6,41.3,76.0,85.5,72.7,85.8,74.0,79.5
1.8,7.9,72.0,4.0,7.9,75.9,3.7,7.8,79.1,0.4,7.5,82.5,0.01,36.5,50.6,89.2,85.0,68.9,89.4,74.6,86.0
1.0,7.7,77.8,3.2,7.6,73.5,3.8,7.6,85.1,0.5,7.4,90.5,0.05,5.5,43.4,86.8,87.6,80.1,88.5,82.6,87.0
2.0,7.9,73.7,4.5,7.9,67.1,4.5,7.8,76.3,0.4,7.4,84.6,0.02,29.0,53.7,91.1,80.3,69.2,81.4,76.3,82.9
5.0,8.0,73.5,3.5,8.1,65.9,3.5,7.9,76.8,0.4,7.6,86.2,0.0,15.0,38.5,88.6,84.7,85.6,89.1,88.3,82.5
5.0,7.9,53.9,4.0,7.7,52.8,4.5,7.8,68.9,0.4,7.5,75.0,0.0,,64.0,92.2,91.3,75.9,87.9,82.9,91.2
4.5,7.7,68.4,2.5,7.7,68.8,3.5,7.8,70.9,1.0,7.4,88.2,0.0,8.5,31.3,71.4,87.4,63.8,87.2,67.6,89.2
2.0,7.6,60.6,4.5,7.6,69.9,3.5,7.6,69.8,0.4,7.3,70.0,0.0,5.7,36.1,88.6,86.6,62.0,87.6,66.3,89.4
3.5,7.5,45.2,7.3,7.5,42.2,7.5,7.5,68.4,0.5,7.3,72.0,0.05,62.7,82.6,94.0,75.3,68.2,91.5,87.1,95.0
10.0,8.1,49.3,3.7,8.0,50.8,3.5,7.9,72.2,1.3,7.5,90.9,0.05,9.7,57.1,62.9,85.5,81.0,86.6,84.2,92.7
2.0,8.1,58.1,2.5,8.0,54.8,4.6,8.0,72.2,0.7,7.5,76.9,0.0,18.6,56.5,84.8,85.6,74.9,84.7,76.7,84.9
1.75,7.8,71.4,2.3,7.8,64.9,4.5,7.8,72.7,0.6,7.6,,,,51.8,86.7,,,,,
1.2,7.8,51.9,3.5,7.8,56.4,3.5,7.7,78.9,0.2,7.7,80.8,0.05,32.8,65.5,94.3,76.4,63.0,85.4,76.1,88.0
1.2,7.8,58.5,2.3,7.8,53.1,2.5,7.8,70.5,0.4,7.8,73.7,0.01,18.1,54.2,84.0,88.1,73.0,91.3,77.6,88.4
2.0,7.3,62.5,5.5,7.8,56.5,4.0,7.6,63.0,0.3,7.9,78.9,0.01,50.0,50.0,92.5,81.0,70.2,90.4,82.4,90.1
1.0,7.9,25.5,24.0,7.8,25.4,35.0,7.7,65.7,0.3,7.8,81.0,0.05,33.3,89.9,99.1,87.8,75.5,89.9,82.7,97.9
1.0,7.9,61.9,4.7,7.8,49.4,7.5,7.8,68.6,0.3,7.9,78.3,0.01,36.9,70.7,96.0,83.0,77.1,88.4,85.0,90.9
1.0,7.6,65.6,5.5,7.6,53.6,6.5,7.7,64.7,0.3,7.6,76.8,0.05,46.9,63.0,95.4,87.4,52.7,93.3,73.9,90.2
1.5,7.4,54.5,5.5,7.4,46.5,6.5,7.5,51.3,1.5,7.5,74.1,0.1,46.0,53.5,76.9,79.5,58.4,87.7,71.9,79.5
0.6,7.8,58.9,6.5,7.8,51.1,7.0,7.8,65.6,0.8,8.0,70.0,0.05,59.3,63.6,88.6,87.1,68.8,92.0,84.1,93.2
2.0,8.0,35.9,5.0,7.7,32.8,13.0,7.9,53.2,0.6,7.9,74.3,0.02,71.7,84.6,95.4,66.7,37.3,77.6,60.5,96.1
1.4,7.9,27.4,7.5,7.9,30.0,12.5,7.9,48.3,0.6,7.8,61.8,0.02,45.0,82.4,95.2,82.0,66.0,90.9,78.8,98.0
1.2,7.8,53.4,5.0,7.8,43.4,11.0,7.7,61.4,0.4,7.6,65.3,0.0,65.6,79.0,96.4,82.5,71.6,87.4,79.0,91.8
3.0,7.7,22.8,4.0,7.6,26.7,7.5,7.6,47.6,0.5,7.6,68.8,0.0,36.9,78.4,93.3,78.2,66.5,84.1,77.2,96.5
1.5,7.7,52.8,3.0,7.8,47.6,5.0,7.7,56.7,0.3,7.8,71.3,0.02,55.5,63.4,94.0,78.9,57.0,88.4,73.5,85.2
1.0,7.5,50.8,3.0,7.6,44.3,6.0,7.6,50.6,0.4,7.3,69.1,0.0,42.6,59.0,93.3,,,,,91.5
1.0,7.6,80.6,5.5,7.7,56.4,7.0,7.7,65.8,0.6,7.7,73.0,0.02,56.4,63.9,92.1,76.8,67.1,83.7,78.4,90.7
1.0,7.5,63.6,5.5,7.6,50.5,7.5,7.7,70.0,0.4,7.7,87.3,0.02,60.7,74.2,94.7,87.4,60.2,94.4,77.6,94.9
6.0,7.6,62.7,4.9,7.7,50.0,10.0,7.6,59.0,0.3,7.7,70.6,0.05,45.9,72.3,97.0,82.9,53.3,89.8,74.1,92.8
8.0,7.9,57.3,7.0,7.9,50.5,11.5,7.9,68.5,0.3,7.8,91.7,0.02,48.7,75.2,97.8,89.1,79.6,92.2,86.1,96.0
8.0,7.7,53.7,5.8,7.9,57.5,8.5,7.7,79.5,0.2,7.7,83.3,0.0,43.0,74.7,97.6,90.1,79.4,92.9,87.1,95.5
1.2,7.5,64.1,2.8,7.5,63.3,3.0,7.5,77.8,0.2,7.7,76.5,0.0,35.1,58.7,95.0,86.1,72.5,91.5,84.1,90.8
3.0,7.8,69.8,3.5,7.8,65.4,4.0,7.8,76.9,0.2,7.9,80.0,0.0,43.7,62.5,95.0,,64.8,,73.6,88.4
7.0,7.7,31.5,22.0,7.8,36.4,12.5,7.9,57.4,0.2,8.0,73.3,0.0,36.3,81.1,98.4,88.1,73.3,93.8,91.6,98.5
1.2,7.8,65.5,5.0,7.8,55.6,4.5,7.9,57.1,0.2,7.8,75.0,0.0,46.0,61.1,96.7,82.2,77.4,89.6,86.8,94.8
0.7,7.9,62.5,4.5,7.8,55.6,6.0,7.8,70.6,0.1,8.0,66.7,0.0,34.7,68.5,98.3,89.8,76.7,92.9,83.4,92.2
0.8,7.7,61.0,3.0,7.8,64.6,3.0,7.8,72.9,0.1,7.9,66.7,0.0,41.0,61.5,96.7,85.5,71.9,90.3,79.0,90.9
1.0,7.6,67.9,6.0,7.6,67.2,5.5,7.5,80.0,0.2,7.5,73.2,0.5,45.2,66.4,96.4,83.8,63.4,90.9,76.1,81.2
3.0,7.7,60.4,7.0,7.7,60.3,6.5,7.8,70.7,0.8,7.6,74.2,0.3,18.3,57.4,87.7,85.1,73.3,89.9,84.4,86.6
1.2,7.9,66.1,6.5,7.9,62.8,9.5,7.9,77.3,0.2,7.7,80.3,0.1,53.7,71.8,98.4,80.9,56.2,89.2,68.3,78.1
1.4,7.8,67.4,4.0,7.7,62.3,5.5,7.7,80.0,0.3,7.6,81.0,0.05,42.3,62.3,94.5,75.6,52.2,84.1,65.8,75.6
3.0,7.5,61.8,4.0,7.5,64.5,5.0,7.5,76.7,0.2,7.4,83.1,0.1,47.4,59.8,96.0,62.2,30.6,86.5,60.3,66.2
0.6,8.1,38.4,5.0,7.8,38.7,11.5,7.8,70.9,0.4,7.8,90.7,0.05,42.0,84.1,97.0,93.0,,95.0,81.8,94.4
1.5,8.1,54.4,2.5,8.0,65.4,3.5,7.9,60.4,0.2,7.8,74.1,0.02,43.0,70.4,94.3,84.3,69.1,89.3,72.6,80.0
1.0,8.0,65.4,5.5,7.9,64.8,5.5,7.6,74.6,0.5,7.5,84.4,0.0,48.7,45.4,91.8,87.9,73.9,93.2,80.7,84.6
0.8,7.7,61.0,5.5,7.7,53.1,5.0,7.9,69.8,0.2,7.7,77.1,0.02,45.3,66.4,96.0,86.5,73.7,91.2,83.2,80.5
1.2,7.9,62.5,7.0,7.9,55.6,10.0,7.7,71.4,0.1,7.6,76.5,0.0,42.5,70.8,99.0,78.5,59.9,85.3,71.1,82.3
1.2,7.9,59.3,3.0,7.9,58.4,2.8,7.8,76.9,0.1,7.7,88.0,0.0,38.4,56.2,98.2,76.1,65.1,90.1,73.0,84.6
0.6,8.0,61.3,6.3,8.0,65.5,5.0,7.8,63.8,1.5,7.7,84.1,0.0,67.4,37.3,70.0,83.6,72.1,89.4,82.2,91.1
0.7,7.8,57.4,4.5,8.0,58.9,7.0,7.8,55.7,0.2,7.7,86.8,0.0,54.2,21.2,97.1,90.4,71.7,91.4,78.6,90.6
1.2,7.8,56.5,6.5,7.8,57.9,7.2,7.8,77.6,0.2,7.6,75.0,0.0,,67.8,97.2,,76.9,,84.6,91.9
2.5,8.0,59.7,7.5,7.9,63.2,9.0,7.9,72.6,2.0,7.8,78.9,0.0,,58.0,77.8,,76.3,94.5,80.7,93.4
0.8,7.7,65.7,5.0,7.6,58.9,6.0,7.8,65.3,0.2,7.7,50.0,0.0,48.7,56.3,96.7,93.8,63.3,97.0,75.2,93.8
1.5,7.8,63.5,3.5,7.7,61.0,4.5,7.7,76.9,0.4,7.7,83.3,0.0,23.1,50.5,91.1,90.7,77.4,92.5,86.4,90.6
2.0,7.7,57.6,4.0,7.7,45.8,3.5,7.8,73.8,0.2,7.8,69.2,0.0,64.5,64.4,94.3,85.3,81.6,95.4,87.5,92.9
1.0,7.6,30.4,3.0,7.7,29.1,4.0,7.6,63.0,0.2,7.6,59.0,0.0,25.2,73.3,95.0,77.9,55.6,85.3,60.1,87.7
3.0,7.8,32.9,3.0,7.8,32.6,4.0,7.9,52.0,0.3,7.8,77.1,0.0,39.0,70.9,93.8,89.2,83.5,92.5,84.6,95.2
1.0,7.9,55.6,3.0,7.9,60.0,2.5,7.9,76.3,0.3,7.7,75.0,0.0,37.9,62.0,90.0,78.8,58.1,90.9,67.0,86.7
1.2,8.4,57.7,3.3,8.0,60.9,3.5,8.0,77.5,0.2,7.9,80.0,0.0,27.0,71.0,94.3,86.2,71.7,88.1,78.1,90.4
0.7,7.6,46.5,2.5,7.7,46.9,2.0,7.7,78.9,0.1,7.7,87.6,0.0,51.4,60.4,95.0,83.3,55.7,87.1,58.5,87.8
1.2,7.8,45.5,1.5,8.0,44.2,1.3,7.9,61.9,0.3,7.6,68.8,0.0,26.3,51.2,80.8,75.5,74.4,81.8,78.8,90.9
1.0,8.1,56.8,2.3,8.1,63.2,2.5,8.0,77.1,0.2,7.9,82.5,0.05,27.1,53.9,94.0,67.0,41.8,75.9,55.6,75.3
2.0,7.9,48.2,11.0,7.9,49.2,4.0,8.0,67.4,0.4,8.0,82.4,0.0,28.1,63.5,91.3,86.4,85.5,93.3,92.6,96.3
2.0,7.9,71.9,3.5,7.8,71.8,3.5,7.7,72.5,0.7,7.6,89.5,0.02,33.2,34.6,80.0,86.6,73.3,91.5,81.0,89.3
5.0,7.8,38.1,4.0,8.0,33.9,3.5,8.0,57.1,0.0,7.7,78.1,0.02,19.6,71.8,100.0,87.2,58.4,88.5,67.2,93.2
1.5,8.1,37.0,6.0,8.0,37.9,5.5,7.9,75.0,0.7,7.7,69.2,0.02,21.7,69.7,88.2,89.7,78.5,90.2,79.8,96.1
2.0,7.7,58.0,3.5,7.8,58.3,4.0,7.7,78.9,0.3,7.5,100.0,0.0,28.8,60.4,92.5,91.5,76.2,93.1,79.1,93.8
2.0,7.9,64.1,3.1,7.9,65.1,5.9,7.9,78.2,0.7,7.7,92.9,0.0,40.8,56.3,88.1,87.4,61.4,89.5,63.5,91.0
1.75,7.9,53.5,3.5,7.9,59.7,4.6,7.6,71.2,0.5,7.8,86.4,0.0,37.0,61.2,89.1,87.7,68.1,89.6,71.3,87.8
1.5,7.9,77.0,3.5,7.9,93.5,3.7,7.8,96.9,0.4,7.7,100.0,0.0,25.7,48.4,89.2,81.5,67.4,83.5,77.2,91.0
3.0,7.8,41.7,5.0,7.8,42.1,7.5,7.8,47.2,0.4,7.6,66.7,0.02,42.9,75.2,94.7,84.6,69.3,90.0,87.0,94.9
0.8,8.1,63.0,3.0,8.0,65.7,3.5,8.1,70.2,0.4,7.8,76.4,0.02,,59.3,88.6,78.2,74.9,84.3,80.8,88.0
2.5,7.8,58.4,2.0,7.7,69.8,2.0,7.8,66.7,0.4,7.7,87.5,0.0,48.8,30.2,80.0,90.8,77.9,95.5,77.5,92.1
6.0,7.2,64.7,,7.3,67.8,,7.3,81.4,,7.4,73.7,,44.7,52.2,,90.9,77.4,93.3,83.2,88.8
1.4,7.5,62.2,3.0,7.5,60.3,2.0,7.5,76.9,0.3,7.5,72.7,0.02,51.3,46.6,85.0,80.4,80.7,90.2,83.1,85.1
1.2,7.5,68.9,2.0,7.7,70.0,2.3,7.7,81.0,0.2,7.6,83.6,0.03,11.2,38.3,91.1,79.7,83.2,82.0,85.9,81.0
1.2,8.1,66.7,7.0,7.9,73.6,5.5,7.8,75.6,0.3,7.6,76.7,0.05,50.2,57.5,94.5,87.8,72.1,88.4,77.2,86.2
0.7,7.8,69.3,3.0,7.8,75.0,2.5,7.7,75.6,0.2,7.7,79.3,0.02,13.5,48.8,94.0,75.3,51.3,74.2,56.6,72.7
0.7,7.7,60.0,3.0,7.8,38.0,2.5,7.8,,0.3,7.8,,0.02,15.6,,88.0,88.1,68.9,91.7,76.8,
15.0,7.5,39.4,2.0,7.6,46.5,1.8,7.6,67.7,0.3,7.3,80.0,0.0,42.5,64.0,86.1,87.7,74.2,88.0,75.9,91.5
0.6,7.7,61.3,2.6,7.8,52.0,3.0,7.8,61.8,0.3,7.7,64.3,0.1,17.6,54.7,91.7,84.4,69.0,89.5,72.7,77.4
1.5,7.9,56.3,4.0,7.9,53.2,3.5,7.9,69.7,0.3,7.6,76.0,0.02,56.0,70.3,91.4,80.2,45.7,92.9,71.9,90.3
1.0,7.8,50.0,3.3,7.8,51.5,3.0,7.8,71.8,0.2,7.7,74.2,0.05,60.4,59.8,93.3,65.6,42.6,88.2,77.7,73.9
1.0,7.9,48.1,6.5,7.9,43.2,6.0,7.9,77.8,0.4,7.6,73.6,0.5,42.3,76.3,94.2,80.7,49.9,88.2,60.8,79.3
3.0,7.8,71.2,4.0,7.9,67.1,8.0,7.8,69.6,0.4,7.7,81.6,0.2,38.5,60.0,95.6,77.8,31.0,83.5,48.0,64.4
2.0,7.6,64.4,3.5,7.6,75.8,2.5,7.4,78.8,1.0,7.4,81.1,1.5,53.8,16.1,60.0,74.4,42.3,81.5,39.7,58.0
1.0,7.3,57.4,4.0,7.3,58.8,4.3,7.3,64.5,0.1,7.4,70.0,0.0,50.6,69.6,97.6,88.9,67.6,93.4,83.4,94.7
0.75,8.1,55.6,6.5,8.0,49.2,5.0,7.9,72.7,0.2,8.0,70.5,0.0,31.9,73.8,96.0,78.5,73.7,85.0,83.6,90.3
3.5,7.6,27.7,4.5,7.8,28.8,5.0,7.8,56.4,0.1,7.9,68.8,0.0,24.5,81.3,98.0,88.6,66.5,90.1,79.4,96.6
1.25,7.7,54.8,3.5,7.9,56.5,3.0,8.1,65.7,0.2,8.1,73.3,0.0,37.2,62.0,95.0,86.7,67.5,89.7,77.0,91.1
0.9,7.7,53.8,3.5,7.8,58.1,3.0,7.9,72.7,0.3,7.9,50.0,0.0,28.0,61.6,91.7,90.5,69.8,92.9,78.0,91.0
0.8,7.7,61.4,4.0,7.7,59.2,3.5,7.7,63.9,0.3,7.8,68.8,0.0,31.8,63.3,91.4,88.3,70.1,92.0,80.6,90.9
4.5,7.5,46.9,4.2,7.4,47.9,3.0,7.5,75.6,0.2,7.6,74.1,0.0,5.9,65.5,93.3,81.1,54.6,83.9,66.6,89.5
5.0,7.8,53.6,4.5,7.8,54.2,3.3,7.8,64.1,0.2,7.6,70.0,0.0,52.7,66.9,93.8,73.6,69.0,90.3,79.5,90.9
12.5,7.8,44.8,4.5,7.9,54.8,5.0,7.9,64.9,0.2,7.8,76.9,0.0,50.0,64.4,97.0,69.7,35.8,85.7,66.0,90.3
2.5,7.7,46.8,3.5,7.7,55.2,3.5,7.8,72.9,0.2,7.9,68.9,0.0,20.7,61.6,94.3,86.9,63.1,89.6,68.4,91.9
2.5,7.7,58.1,5.5,7.7,63.5,4.5,7.8,71.2,0.2,7.8,76.9,0.0,41.2,58.7,95.6,76.3,64.5,85.7,74.0,89.5
1.75,7.6,63.8,5.3,7.6,61.5,5.0,7.8,75.6,0.2,7.8,75.3,0.0,52.6,69.6,96.0,85.8,71.3,92.1,82.7,94.7
1.0,7.7,,3.0,7.7,68.4,2.5,7.7,,0.5,7.8,76.0,0.0,7.7,67.4,80.0,83.3,66.8,88.0,74.8,89.0
1.0,7.9,55.3,4.0,7.8,54.7,5.5,8.0,66.7,0.4,8.0,78.1,0.0,37.4,71.7,93.6,86.6,72.8,91.5,84.0,92.0
2.5,7.9,43.4,3.5,7.9,48.1,4.0,7.9,51.2,0.2,8.0,53.3,0.0,33.7,68.7,96.3,83.6,74.1,90.1,81.7,93.4
1.0,7.7,52.8,8.0,7.7,54.2,8.0,7.7,89.7,0.2,7.9,93.3,0.0,61.1,78.2,98.1,85.2,61.8,93.8,79.5,95.7
1.2,7.8,56.4,6.0,7.8,58.2,8.0,7.9,63.5,1.7,7.9,79.4,0.02,50.2,55.0,79.4,76.5,70.4,87.4,84.4,91.0
2.0,7.7,53.7,6.0,7.8,54.1,8.0,7.9,45.9,1.8,8.0,72.3,0.0,42.6,62.4,77.5,87.1,70.5,92.6,82.9,93.2
4.5,7.6,51.8,4.5,7.7,57.0,3.5,7.7,62.9,0.8,7.9,66.7,0.05,42.6,51.4,77.1,82.9,,89.7,,90.6
1.5,7.4,64.7,4.5,7.6,60.6,6.0,7.6,72.1,0.2,7.6,76.8,0.02,48.6,69.7,96.7,82.7,61.9,93.3,73.5,83.6
1.5,7.5,35.6,6.3,7.4,41.4,7.8,7.6,71.4,0.2,7.7,75.0,0.08,40.7,85.5,97.4,78.4,58.8,88.5,77.5,93.5
2.0,7.7,29.5,8.0,7.7,31.8,9.5,7.7,23.8,0.2,7.9,29.2,0.0,61.2,65.9,98.4,83.0,63.4,93.2,85.3,92.5
1.0,7.7,59.3,3.2,7.6,56.8,4.0,7.7,59.1,0.2,7.8,67.3,0.05,9.2,50.0,95.0,,39.7,,58.2,79.2
1.5,7.6,46.3,4.5,7.7,47.4,5.5,7.7,73.7,0.2,7.8,75.0,0.1,60.6,80.4,97.3,78.2,74.1,88.6,87.6,91.3
2.0,7.3,49.3,4.0,7.5,44.9,4.0,7.3,62.2,0.1,7.5,72.9,0.02,46.0,71.2,97.5,78.2,41.4,86.3,68.6,88.0
2.0,8.1,47.8,3.5,8.0,59.7,3.0,8.0,69.0,0.2,8.2,77.6,0.0,46.9,66.1,93.3,85.9,,92.1,,93.7
0.4,7.5,46.2,4.3,7.5,52.5,4.5,7.5,78.4,0.2,7.6,78.0,0.0,35.3,69.7,96.7,84.8,51.3,92.3,67.5,92.3
1.7,7.5,,4.0,7.5,,3.5,7.5,,0.2,7.6,,0.02,45.9,80.5,94.3,84.8,73.1,91.4,83.1,96.9
6.5,7.8,,6.5,7.8,,4.0,7.8,,0.3,7.8,,0.02,,67.3,93.8,85.6,65.1,90.2,79.5,97.5
4.5,7.7,,5.0,7.6,,4.5,7.5,,0.3,7.5,,0.02,56.8,58.8,94.4,87.0,75.6,92.7,81.0,93.0
0.8,7.7,,1.8,7.9,,4.0,7.8,,0.2,7.9,,0.2,29.3,65.5,95.0,79.3,46.2,85.5,64.1,38.3
1.3,7.6,51.3,5.5,7.6,47.0,4.0,7.7,65.2,0.2,7.8,70.8,0.0,39.6,69.5,96.3,88.2,71.2,91.9,81.2,94.2
1.7,7.6,53.1,4.0,7.6,53.4,4.5,7.6,69.4,0.2,7.7,69.3,0.02,58.5,58.5,95.6,88.2,45.8,95.1,70.1,93.4
6.5,7.6,50.0,3.0,7.6,51.2,2.0,7.6,65.8,0.2,7.7,68.9,0.02,39.6,55.8,90.0,85.6,74.7,92.6,77.5,89.8
5.0,7.6,57.3,3.2,7.6,55.8,3.0,7.6,76.7,0.3,7.7,82.9,0.0,64.8,58.7,91.7,91.2,64.2,95.9,75.7,91.5
5.0,7.8,53.1,5.5,7.8,47.6,8.5,7.9,73.1,0.2,7.9,57.5,0.02,34.8,69.4,97.6,91.6,81.7,92.1,86.6,96.9
2.5,7.9,61.4,6.5,7.9,60.5,6.0,7.8,73.3,0.3,7.8,62.2,0.0,49.5,72.2,95.0,90.1,,94.6,,96.6
3.3,7.8,27.2,4.2,7.8,32.3,7.0,7.7,49.1,0.2,7.8,75.0,0.0,40.0,82.9,97.1,85.2,63.0,89.7,81.7,97.6
3.6,7.6,31.6,7.0,7.6,28.6,11.0,7.6,48.3,0.4,7.7,80.0,0.0,79.1,85.0,96.8,77.6,64.2,92.6,86.5,98.4
2.71,7.8,47.4,3.0,7.8,46.7,4.0,7.8,59.2,0.3,7.7,75.6,0.0,56.9,59.2,92.5,89.4,66.7,93.7,74.2,95.4
2.42,7.7,39.8,2.5,7.7,25.3,4.5,7.7,37.2,0.2,7.7,56.0,0.02,58.1,71.3,95.6,88.1,65.3,90.2,71.5,91.9
0.9,7.7,62.7,4.5,7.7,57.8,4.5,7.7,68.2,0.3,7.7,80.0,0.02,57.1,65.6,94.4,88.4,42.6,94.0,64.9,94.6
1.0,7.5,57.3,4.0,7.6,53.3,4.5,7.7,69.0,0.2,7.8,86.7,0.02,62.3,65.0,95.6,89.4,68.7,94.9,80.4,93.3
1.6,7.7,58.6,3.0,7.6,73.1,5.0,7.6,65.1,0.2,7.6,,0.0,54.4,58.7,96.0,90.8,56.8,95.6,79.6,94.1
1.14,7.8,55.7,5.0,7.8,60.2,3.5,7.8,72.4,1.5,7.9,74.7,0.0,5.5,40.8,57.1,87.5,78.9,93.5,88.7,93.9
3.4,7.8,53.3,6.5,7.8,57.5,7.0,7.8,67.9,0.2,7.9,74.3,0.02,73.0,66.9,97.9,89.7,77.4,94.9,94.2,95.4
5.35,7.7,37.7,4.0,7.8,46.5,5.0,7.8,48.4,0.3,7.9,82.9,0.0,63.3,56.3,94.0,78.9,,90.9,,94.6
2.2,7.9,56.4,4.0,7.9,50.0,6.0,7.9,65.9,0.2,7.9,92.0,0.0,,67.6,97.5,87.6,73.8,93.2,82.0,94.7
,7.7,51.0,4.5,7.7,56.4,2.5,7.7,52.2,0.6,7.9,78.0,0.0,7.5,36.8,76.0,91.9,77.4,95.5,84.5,96.5
4.0,7.5,56.8,6.0,7.6,64.4,6.0,7.6,77.3,0.2,7.6,70.9,0.0,30.2,74.7,96.7,89.9,65.7,96.6,82.4,97.0
1.95,7.8,67.5,2.0,7.8,65.1,2.0,7.8,76.8,0.5,7.9,80.0,0.02,42.3,34.9,75.0,92.1,78.4,94.9,80.1,88.0
0.4,7.6,59.0,3.5,7.5,64.9,4.0,7.4,77.6,0.1,7.5,71.4,0.05,41.8,82.2,97.5,83.2,62.3,89.9,74.3,93.0
0.4,7.6,52.4,4.0,7.5,66.2,2.5,7.4,75.3,0.1,7.6,71.8,0.0,61.1,50.7,96.0,81.1,63.4,91.3,86.5,83.8
1.2,7.8,45.6,5.5,8.0,41.0,4.5,7.9,74.6,0.1,8.0,78.3,0.05,61.4,81.8,97.8,77.6,71.9,91.5,87.8,93.7
0.3,8.1,40.7,2.0,8.0,45.2,1.1,7.9,63.5,0.1,8.1,80.0,0.0,25.4,56.8,90.9,81.8,72.8,87.5,80.7,91.9
0.35,8.0,20.3,1.6,8.1,19.9,2.5,8.0,46.3,0.2,8.0,76.7,0.0,43.0,80.6,92.0,77.6,78.9,83.3,84.2,96.7
2.5,7.7,25.6,1.4,7.9,24.8,1.9,7.8,47.6,0.2,8.0,83.3,0.0,41.3,68.4,89.5,86.5,46.4,89.6,61.5,95.0
2.0,8.1,39.1,1.4,8.1,38.9,1.9,8.2,59.7,0.1,8.0,88.9,0.0,64.7,65.6,94.7,84.9,48.0,88.4,58.7,93.5
1.2,7.8,48.2,1.3,7.9,41.2,2.8,7.9,61.1,0.2,8.0,62.5,0.0,64.8,72.2,94.5,72.7,47.5,82.9,71.8,85.7
1.0,7.8,43.9,1.5,7.8,57.1,1.2,7.9,64.5,0.1,7.9,66.7,0.05,36.5,44.6,91.7,55.3,37.3,77.9,51.9,70.5
0.7,7.8,20.2,0.8,7.8,25.2,1.5,7.8,20.2,0.7,7.9,73.3,0.0,,5.3,53.3,,68.8,90.3,69.1,94.2
2.0,7.8,30.6,2.5,7.9,28.9,3.0,7.9,45.1,0.3,8.0,93.3,0.0,63.4,73.7,90.0,73.1,48.3,90.9,75.8,96.4
0.8,7.8,37.6,2.5,7.8,50.0,1.3,7.8,52.6,0.4,8.0,76.0,0.0,,43.5,68.0,,58.6,89.0,77.3,95.7
0.8,7.6,57.7,2.5,7.6,54.2,2.5,7.7,57.3,0.7,7.9,69.1,0.02,,46.4,72.0,,66.5,85.1,84.1,94.3
0.8,8.0,67.5,2.5,7.9,61.0,2.5,7.9,65.9,0.3,8.1,66.7,0.0,,48.2,88.0,,45.3,,69.5,90.6
0.3,7.7,64.6,2.0,7.7,61.6,2.5,7.8,79.6,0.2,7.9,67.5,0.02,48.2,63.0,94.0,54.5,65.9,65.5,78.7,87.7
0.7,7.5,59.1,3.0,7.6,59.2,2.5,7.6,64.5,1.2,7.7,77.3,0.05,48.9,29.6,52.0,60.4,81.3,80.0,80.5,91.5
0.27,7.4,65.1,4.5,7.4,64.6,4.0,7.4,72.5,0.2,7.6,72.0,0.01,26.0,64.1,95.0,81.1,54.5,87.5,79.4,91.3
1.0,7.5,67.0,5.0,7.5,63.2,3.5,7.6,72.1,0.2,7.7,61.3,0.0,38.0,64.2,95.7,78.7,46.8,87.3,74.6,92.0
0.4,7.6,64.8,1.5,7.6,56.1,7.5,7.6,65.9,1.0,7.7,59.0,0.03,50.2,55.8,86.7,76.5,71.4,84.8,72.1,85.2
0.7,7.3,67.9,4.5,7.3,61.3,8.5,7.4,78.4,0.3,7.4,70.8,0.1,,76.9,97.1,77.3,49.3,89.2,71.9,88.7
0.5,7.9,,,7.7,,,7.8,,,7.9,,,49.2,81.6,,58.5,61.4,66.7,72.5,88.9
0.6,7.9,,1.5,7.8,,4.0,7.8,,0.2,7.9,,0.0,53.2,67.2,95.0,76.9,,82.4,,79.1
1.5,7.8,,4.5,7.8,,4.0,7.8,,0.2,7.9,,0.02,37.6,72.8,95.0,87.2,60.4,91.7,74.9,96.6
0.9,7.5,,2.8,7.6,,3.5,7.6,,0.4,7.7,,0.0,20.3,58.6,90.0,,67.7,,78.2,92.6
0.9,7.8,,2.5,7.8,,2.5,7.8,,0.2,7.8,,0.02,33.3,55.1,92.0,83.3,65.4,88.5,76.9,91.6
0.7,8.1,,1.3,8.3,,3.0,8.3,,0.2,8.3,,0.0,44.1,62.2,93.3,86.3,65.2,91.7,77.8,91.0
0.83,8.2,72.5,10.0,8.0,83.6,8.5,7.9,84.5,1.3,7.6,71.7,0.01,33.2,80.1,84.7,92.4,77.7,95.0,88.4,96.6
2.0,8.1,69.2,5.5,8.2,67.5,8.0,8.1,78.0,0.2,7.8,81.8,0.0,29.1,59.3,97.5,88.8,76.6,92.9,84.2,89.7
1.0,8.1,79.3,7.0,8.1,74.8,6.0,8.1,82.1,0.2,7.7,89.1,0.01,19.2,54.5,96.7,88.6,72.7,90.9,77.8,89.6
1.7,8.1,74.5,4.7,8.1,75.2,5.2,8.1,84.3,0.5,7.8,87.0,0.0,44.8,53.2,90.4,85.5,68.2,89.5,78.5,87.8
5.9,8.4,69.5,,8.3,67.5,,8.1,76.9,,7.8,76.9,,50.4,65.8,,92.0,71.8,95.8,86.4,93.2
1.3,8.2,55.5,6.0,8.2,53.0,4.7,8.1,65.5,1.0,7.7,77.8,0.02,34.8,58.3,78.7,87.3,71.7,89.7,86.6,94.2
1.09,8.7,68.1,5.5,8.4,70.8,2.5,8.4,78.5,1.5,7.9,82.4,0.01,,27.0,40.0,87.7,81.2,96.0,87.6,92.7
1.5,8.3,69.8,5.7,8.3,68.5,6.3,8.1,73.6,1.7,,,,,33.3,73.0,,,,,
5.45,8.0,79.3,4.0,8.0,74.5,5.0,8.1,78.1,1.0,7.7,80.8,0.01,45.2,39.6,80.0,83.3,69.9,89.7,76.7,82.1
5.9,8.2,77.6,4.5,8.2,72.6,4.5,8.1,85.5,1.0,7.8,89.5,0.01,28.0,42.1,77.8,89.7,77.5,93.5,83.5,90.3
2.87,8.1,73.2,,8.0,71.3,,7.9,76.9,,7.6,84.4,,54.1,59.7,,90.2,79.4,93.8,83.7,91.7
0.4,7.9,76.5,3.5,8.0,71.3,4.0,8.2,81.3,0.5,7.9,90.0,0.01,30.2,52.5,87.5,90.1,76.0,93.7,80.5,92.6
0.47,8.2,71.9,3.0,8.2,70.3,3.0,8.1,80.5,0.2,7.7,90.9,0.0,23.2,44.6,93.3,88.1,78.9,90.3,83.9,91.4
1.2,8.2,73.7,4.3,8.2,74.4,3.5,8.2,83.8,0.2,7.8,94.3,0.0,51.0,52.6,94.3,88.6,72.6,90.7,75.4,90.8
18.2,8.1,65.3,7.0,8.1,66.0,4.5,8.2,78.4,0.2,7.8,85.0,0.0,29.3,60.6,95.6,85.0,64.8,88.1,77.8,89.8
1.5,8.3,84.8,4.5,8.3,78.0,5.5,8.3,89.5,0.2,7.8,90.5,0.0,55.4,62.0,96.4,83.1,81.8,88.4,86.2,89.7
1.5,8.1,76.6,5.8,8.1,75.3,5.5,8.1,83.1,0.3,7.8,92.5,0.05,60.5,61.7,94.5,85.8,75.9,92.3,83.5,94.8
1.02,7.9,75.3,3.8,7.9,79.5,3.0,7.9,84.0,0.6,7.7,71.4,0.0,12.9,35.9,80.0,89.0,83.7,90.3,86.8,91.4
0.9,7.6,68.5,,7.8,64.8,,7.9,72.2,,7.6,78.8,,41.0,38.6,,,78.9,,83.1,78.1
0.3,8.0,73.0,5.0,8.1,72.9,4.5,8.1,66.7,0.9,7.7,66.7,0.01,56.3,46.7,80.0,90.8,82.6,94.0,87.3,84.7
0.5,8.1,76.4,5.0,8.0,76.7,4.5,7.9,77.8,0.5,7.8,85.3,0.01,37.8,50.0,88.9,89.3,65.0,93.2,82.4,90.4
0.96,7.8,83.6,,7.8,85.7,,7.7,83.3,,7.5,92.6,,32.4,53.2,,,63.2,,76.3,87.0
0.53,7.9,78.4,6.0,7.9,80.0,5.5,8.0,80.4,0.4,7.8,94.3,0.01,63.4,49.1,93.6,,,,,92.8
5.2,8.0,61.2,2.5,8.0,50.5,3.0,8.0,84.2,0.2,7.8,76.4,0.01,,60.0,93.3,,69.3,,76.9,91.8
8.1,8.0,47.8,,7.9,48.7,3.0,7.9,63.6,,7.6,70.0,,23.6,61.7,,71.3,64.1,78.2,80.6,91.3
1.8,8.1,57.0,4.0,8.0,61.0,2.8,7.9,71.1,0.2,7.8,87.3,0.02,36.5,41.6,92.7,90.4,80.9,94.0,86.7,94.1
1.51,8.2,53.3,4.5,8.2,55.7,4.2,8.2,61.1,0.2,7.8,64.8,0.01,62.2,55.7,95.2,79.2,,89.2,,92.2
2.5,8.0,68.8,3.0,8.1,49.1,3.5,8.0,65.1,0.2,7.8,77.6,0.01,12.8,61.6,94.3,85.3,68.2,89.0,77.2,89.0
1.9,7.9,69.5,6.5,8.2,56.8,3.5,8.2,67.3,0.2,8.0,72.7,0.01,37.6,58.4,94.3,87.6,74.0,92.3,82.5,89.5
1.7,8.3,69.6,4.0,8.3,61.4,5.5,8.1,75.5,0.4,7.8,75.3,0.05,32.3,57.0,92.7,83.5,69.8,90.3,78.6,90.8
1.5,8.2,40.6,3.0,8.1,38.5,2.5,8.0,55.6,0.2,7.7,71.4,0.0,42.1,65.4,92.0,86.4,68.0,92.1,81.3,94.5
1.58,7.8,62.5,1.5,7.9,55.1,1.2,7.9,68.4,0.3,7.9,84.4,0.01,22.2,44.9,75.0,92.3,72.0,94.1,79.5,93.0
4.5,8.2,61.1,1.5,8.3,50.9,2.5,8.0,82.5,0.2,7.8,90.0,0.01,46.5,60.8,92.0,89.4,75.5,93.5,80.6,93.1
2.3,8.1,55.9,2.5,8.0,62.7,2.0,8.1,70.0,0.2,7.9,76.7,0.01,52.0,55.2,90.0,84.2,65.3,91.0,76.7,89.8
0.43,8.0,66.2,2.5,8.1,60.7,3.0,8.2,88.2,0.2,7.8,85.0,0.01,25.7,59.5,93.3,84.1,56.4,87.7,65.1,85.3
0.48,8.5,65.8,3.3,8.4,62.7,3.8,8.2,72.2,0.9,7.9,82.7,0.01,38.5,47.1,76.0,86.5,64.0,89.6,64.7,80.3
0.13,8.2,79.0,,7.9,70.4,,7.7,89.1,,7.6,87.7,,,60.0,,82.9,74.7,85.9,78.4,89.2
1.4,8.0,73.2,4.5,8.0,71.4,4.0,7.9,90.0,0.2,7.7,83.3,0.01,30.6,48.1,96.3,87.2,33.5,87.4,64.7,83.1
0.8,8.2,65.8,4.0,8.2,66.7,1.4,8.0,70.3,0.2,7.7,82.2,0.0,28.0,46.4,85.7,82.4,78.3,89.8,89.7,87.7
0.14,8.2,63.9,3.5,8.0,68.5,3.0,8.0,71.4,0.2,7.8,66.1,0.05,59.8,42.5,93.3,88.6,70.0,94.2,79.6,86.1
7.9,8.1,67.3,6.0,8.1,69.7,4.5,8.0,81.1,0.2,7.9,78.1,0.01,57.5,68.9,95.6,71.1,46.2,85.8,69.3,85.0
3.45,8.2,70.8,4.5,8.3,70.6,4.0,8.2,80.0,0.4,7.8,75.7,0.03,28.4,54.1,91.3,86.5,68.6,91.6,76.1,84.3
2.24,8.4,70.2,4.0,8.2,66.7,4.0,8.0,78.0,0.3,7.9,78.9,0.0,40.4,61.0,93.8,86.2,67.8,90.8,78.1,89.9
2.12,8.2,73.2,6.5,8.2,66.4,7.0,8.2,72.7,1.3,7.7,73.7,0.0,,51.8,82.1,92.3,77.2,94.9,85.9,92.5
2.7,8.3,71.2,5.5,8.4,70.6,5.0,8.3,82.9,0.2,7.7,86.0,0.02,48.9,59.8,97.0,85.8,63.9,90.8,75.4,90.4
2.21,8.1,73.2,3.0,8.1,66.9,7.0,8.0,75.0,0.8,7.8,82.9,0.01,33.0,57.0,88.6,90.8,71.5,91.9,75.7,90.1
0.6,8.1,78.0,4.5,8.2,74.2,6.5,8.0,81.6,0.2,7.8,89.2,0.0,42.6,59.2,97.7,92.2,76.9,94.7,85.0,93.5
1.23,8.2,72.1,6.5,7.8,70.8,7.0,8.1,76.8,0.3,7.7,77.5,0.01,53.4,56.9,96.4,90.5,76.0,94.9,86.8,94.3
2.1,8.1,75.4,8.5,8.0,71.1,11.5,8.0,82.5,0.2,7.8,83.3,0.0,45.7,62.5,98.3,90.2,71.4,93.7,83.2,92.6
3.4,7.7,61.2,2.5,7.8,51.1,5.5,7.8,66.7,0.5,7.9,80.0,0.02,53.2,60.0,91.8,85.5,62.6,94.3,72.6,88.2
3.6,7.9,33.6,6.0,7.9,33.8,7.5,7.9,64.2,0.2,7.9,80.0,0.0,47.8,79.6,97.3,87.9,63.0,95.8,78.3,96.9
6.0,7.7,45.1,8.0,7.7,43.9,10.0,7.7,49.1,2.5,7.7,85.7,0.02,60.0,61.9,75.0,86.0,64.1,93.0,81.0,96.9
6.0,7.8,69.4,4.5,7.8,52.1,7.5,7.8,61.3,0.3,7.7,76.5,0.02,54.2,73.9,96.7,94.7,67.2,95.5,78.2,91.3
5.8,7.7,57.6,4.5,7.6,54.2,7.0,7.7,66.7,0.4,7.8,71.4,0.02,50.0,71.9,94.3,91.2,71.1,93.2,81.3,94.1
1.97,7.3,38.5,1.5,7.4,42.1,2.0,7.4,34.5,0.2,7.5,63.2,0.02,40.7,51.8,90.0,90.4,62.3,94.6,72.2,91.9
2.7,7.9,50.0,2.0,7.8,53.2,2.0,7.8,58.7,0.2,7.8,77.5,0.05,36.9,51.1,92.5,87.9,78.3,90.2,85.0,90.5
1.3,8.0,66.7,4.5,8.0,70.7,3.0,7.8,73.0,0.2,7.7,74.3,0.05,29.1,54.9,95.0,87.2,77.1,88.9,84.9,90.3
1.25,8.0,68.3,2.5,8.1,77.8,2.5,7.8,79.5,0.2,7.9,72.9,0.02,38.4,56.7,92.0,85.8,65.8,91.1,71.6,86.5
4.8,8.0,45.4,6.5,8.0,48.1,3.5,7.9,60.5,0.2,7.8,72.0,0.02,67.2,63.5,94.3,84.1,53.1,95.0,86.5,96.5
0.8,7.9,47.6,2.5,7.9,52.2,1.5,8.0,75.7,0.3,8.0,58.3,0.02,47.6,46.4,83.3,89.9,73.7,94.2,85.6,94.3
3.5,8.2,51.0,5.0,8.2,53.2,4.0,8.1,60.5,0.3,7.9,58.8,0.02,52.8,54.3,93.8,87.1,75.0,92.4,85.9,91.8
1.5,8.4,60.5,3.5,8.3,69.2,3.8,8.2,72.1,0.4,8.0,77.8,0.01,50.0,44.9,89.3,88.0,74.5,94.4,82.9,89.5
3.7,8.1,52.6,2.5,7.9,52.6,2.5,8.0,71.1,0.2,7.8,83.1,0.02,61.6,50.0,92.0,85.3,67.3,90.2,79.9,91.7
2.5,8.3,55.8,3.5,8.3,61.3,2.0,8.1,61.5,0.4,7.9,84.0,0.02,31.8,30.7,82.5,86.0,66.7,92.2,76.5,88.4
6.0,8.2,60.3,4.0,8.3,64.2,4.0,8.2,64.9,0.5,7.9,80.0,0.03,44.2,29.6,87.5,86.8,78.3,91.4,80.5,92.9
1.6,7.8,68.7,2.5,7.8,68.4,2.0,7.8,70.0,0.3,7.8,75.7,0.1,37.0,12.3,87.5,79.8,59.9,87.9,53.2,79.1
2.5,8.1,13.2,5.5,7.9,13.7,7.0,8.0,44.1,0.4,7.9,76.9,0.01,70.1,89.4,95.0,84.8,68.5,93.6,83.4,98.5
3.5,7.9,17.8,4.0,7.9,20.0,4.0,8.0,43.3,0.5,8.0,54.0,0.01,20.0,70.9,88.8,88.0,59.1,90.8,69.0,96.1
3.3,7.9,33.5,3.5,8.0,37.9,6.0,8.0,54.5,0.5,7.9,57.8,0.02,50.5,76.3,92.5,91.3,73.5,93.0,82.9,94.6
2.0,8.0,50.5,3.2,8.0,42.3,2.8,7.9,52.9,0.6,8.0,62.5,0.02,,50.7,78.6,90.8,74.9,94.7,,91.8
1.41,8.1,55.7,2.7,8.1,55.3,1.8,8.0,63.5,0.4,7.9,59.1,0.02,27.7,44.7,77.8,83.8,70.3,95.8,77.7,88.7
5.97,8.1,67.2,2.0,8.1,55.7,2.0,7.9,80.0,0.3,7.8,73.3,0.02,,49.4,85.0,,66.5,,68.6,81.3
1.0,8.2,64.4,3.5,8.2,55.4,2.5,8.1,63.6,0.3,7.8,68.2,0.01,,50.9,88.0,,54.8,,68.2,87.8
0.5,8.0,60.2,4.0,8.0,49.1,5.0,8.0,62.5,0.3,7.9,60.0,0.01,,57.9,94.0,,68.2,,75.9,86.7
2.07,7.7,43.9,7.0,7.8,45.0,8.5,7.9,59.5,1.4,7.7,82.8,0.1,49.4,69.4,83.5,71.4,67.2,91.3,84.3,94.5
0.8,7.8,75.8,2.5,7.9,68.6,4.5,7.9,77.8,1.8,7.7,94.3,0.02,28.6,38.2,60.0,89.8,78.6,91.7,78.9,89.4
1.5,7.7,66.3,6.0,7.9,67.8,4.0,7.9,74.0,1.0,7.7,82.4,0.02,12.6,42.5,75.0,87.3,64.0,90.4,78.1,89.8
4.85,7.9,68.4,5.0,7.9,69.6,7.0,7.9,78.2,0.6,7.7,77.8,0.02,50.2,56.0,91.4,88.4,69.3,92.3,74.3,90.3
2.2,7.9,79.5,4.5,7.9,76.3,4.5,7.9,90.2,0.6,7.8,93.3,0.02,31.8,48.8,86.7,85.7,61.3,86.5,66.6,85.6
3.3,7.7,73.6,2.5,8.0,68.7,2.0,8.0,73.5,0.5,7.7,83.8,0.0,41.5,49.3,75.0,67.1,56.9,83.3,69.9,88.5
1.4,7.9,40.7,,7.9,44.1,,7.8,64.0,,7.7,84.4,,41.0,57.6,,89.6,52.6,92.7,62.9,91.7
0.7,7.9,66.2,2.5,8.0,65.8,3.0,7.9,86.5,0.4,7.7,83.3,0.0,41.8,53.2,88.3,82.6,68.5,90.5,74.3,91.9
1.6,8.0,57.0,6.8,8.1,63.8,6.3,7.9,66.7,0.7,7.7,88.9,0.03,66.4,48.6,88.8,75.3,79.5,87.9,82.3,92.6
2.5,7.8,73.0,4.5,7.9,69.4,4.0,7.9,86.0,0.9,7.8,97.2,0.02,17.5,49.4,77.5,87.4,70.0,88.2,76.0,90.5
3.8,8.1,68.2,4.5,8.0,63.6,5.7,7.9,79.7,1.2,7.8,87.5,0.0,34.7,46.4,78.9,84.8,58.6,89.6,64.0,90.9
4.7,8.0,67.7,7.0,8.1,67.9,5.0,8.1,80.4,0.6,7.8,86.2,0.0,39.6,54.5,88.0,90.3,81.8,93.1,86.5,94.8
2.1,7.9,71.8,5.5,7.9,72.3,5.0,7.9,78.6,1.0,7.8,88.9,0.0,37.8,58.8,80.0,91.2,76.4,91.6,81.6,92.3
1.6,8.0,63.6,5.5,8.0,60.6,6.5,7.9,73.6,0.4,7.7,76.2,0.0,57.6,68.8,94.6,78.8,70.0,87.6,82.4,91.3
1.24,8.0,70.2,4.3,8.0,69.9,3.0,7.9,78.8,0.1,7.6,86.4,0.0,,37.3,96.7,,73.7,86.6,78.2,86.9
0.98,8.0,68.8,4.5,8.2,64.0,5.0,8.0,77.1,0.6,7.7,83.6,0.0,31.1,46.1,88.0,88.1,76.0,91.1,76.5,86.3
2.5,7.8,69.6,4.0,7.9,71.0,3.5,7.9,83.7,0.1,7.8,90.9,0.01,15.4,53.8,97.1,84.0,75.1,87.0,80.6,88.0
1.0,7.9,64.5,7.5,8.0,64.6,5.0,8.0,74.5,1.2,7.8,80.0,0.02,30.0,44.4,76.0,86.6,73.7,88.0,76.0,89.2
3.4,7.9,75.0,,7.8,75.2,,7.7,95.1,,7.6,86.4,,51.2,63.7,,83.5,82.8,88.1,90.4,91.7
1.7,7.7,49.2,2.5,7.7,45.9,1.8,7.6,62.9,0.2,7.6,83.3,0.0,37.8,42.6,88.9,65.6,60.0,70.8,60.0,85.2
2.6,7.9,36.1,1.2,8.0,32.1,1.9,8.0,48.8,0.2,7.7,85.7,0.0,25.8,60.6,92.1,79.2,,83.1,,91.6
4.2,7.4,47.4,3.5,7.7,50.5,3.0,7.8,57.4,1.3,7.7,77.8,0.0,22.4,37.6,56.7,84.5,74.5,91.8,71.1,92.1
3.28,7.9,67.5,3.1,7.9,65.8,3.0,7.9,80.5,0.2,7.8,79.8,0.0,34.5,43.8,93.3,87.2,,90.2,,88.8
8.5,7.5,67.3,,7.5,64.7,,7.5,76.1,,7.4,80.0,,56.3,54.9,,89.3,84.1,92.3,90.7,93.4
2.0,7.7,62.8,,7.6,55.1,,7.7,77.5,,7.6,87.5,,68.6,59.2,,86.0,48.1,96.4,81.1,90.7
1.56,8.4,75.2,5.0,8.5,73.6,4.5,8.3,80.4,0.4,8.0,92.3,0.01,42.8,51.9,91.1,89.6,76.5,93.0,84.1,94.0
0.62,8.1,60.2,4.5,8.3,60.6,3.5,7.8,78.4,0.4,7.6,85.2,0.01,28.3,60.6,88.6,74.6,57.1,78.7,76.3,86.2
3.03,8.1,72.3,4.0,8.1,70.0,5.5,8.1,76.0,0.8,7.7,84.6,0.0,70.0,61.5,85.5,78.1,85.2,92.8,88.3,92.2
3.2,8.0,69.9,4.9,8.0,68.1,4.0,8.0,78.9,0.5,7.7,87.5,0.02,16.0,59.6,87.5,87.0,75.4,91.3,85.5,90.4
2.57,8.0,72.8,4.5,8.0,74.7,4.3,8.0,74.5,0.5,7.8,92.9,0.0,45.8,48.4,89.4,90.5,72.3,92.5,83.3,92.4
10.0,8.1,59.4,0.7,8.1,59.8,7.3,8.1,70.7,1.2,7.8,90.0,0.1,45.8,58.1,83.4,88.0,77.9,90.7,88.8,94.3
2.65,8.4,74.0,,8.3,69.3,,8.1,81.1,,7.7,90.9,,34.8,62.1,,78.8,65.1,86.4,75.3,89.0
1.99,8.0,74.0,5.3,8.0,75.0,5.0,7.9,75.0,1.1,9.7,88.2,0.02,31.3,40.0,78.0,86.7,,90.6,,91.8
10.7,8.1,71.2,6.3,8.2,67.9,7.0,8.1,74.6,0.8,7.8,85.7,0.05,35.7,51.9,88.6,83.8,,90.3,,92.0
5.3,8.2,71.8,7.5,8.2,72.0,6.3,8.2,78.8,0.6,7.8,90.9,0.02,23.2,60.6,90.4,85.9,71.1,89.1,82.8,92.9
8.2,8.1,68.3,9.0,8.1,68.2,13.2,8.1,75.9,0.4,7.7,85.7,0.03,35.1,67.0,97.0,81.5,62.7,84.4,69.8,88.3
6.25,8.1,79.5,4.0,8.2,73.2,5.5,8.1,90.7,0.4,7.8,90.9,0.01,12.4,61.6,92.7,83.9,67.2,87.0,75.8,85.9
6.2,8.1,68.3,6.5,8.2,7.1,7.3,8.2,78.8,0.6,7.8,96.0,0.07,30.0,66.5,91.7,86.3,75.1,89.2,87.0,90.1
1.32,8.0,62.9,4.0,8.0,62.4,3.8,7.9,77.8,0.4,7.6,89.5,0.01,,51.6,90.8,82.5,79.9,82.9,89.3,89.3
2.98,8.2,60.7,9.0,8.2,60.7,8.0,8.1,76.6,0.4,7.7,86.0,0.02,40.0,68.7,95.0,83.7,73.4,90.8,84.6,94.4
2.6,8.1,70.6,5.0,8.2,67.2,5.5,8.2,70.6,1.0,8.0,85.0,0.02,55.7,58.2,81.8,83.0,74.4,90.3,80.6,88.2
7.6,7.9,75.5,5.0,7.9,70.7,6.5,8.1,84.4,0.3,7.8,88.6,0.0,38.9,63.4,96.2,88.3,92.2,91.2,95.7,93.4
12.5,7.5,72.5,,7.6,75.3,,7.7,74.6,,7.6,91.4,,42.7,43.3,,92.9,57.0,,,92.9
4.19,7.7,73.6,4.5,7.9,67.1,8.0,7.9,78.4,0.5,7.7,86.3,0.0,67.7,65.1,94.4,86.0,69.9,93.3,76.6,89.1
5.7,7.8,71.2,5.0,7.9,65.0,10.0,8.0,82.0,0.9,7.7,85.0,0.02,48.8,69.5,91.0,86.1,69.4,88.3,74.9,89.2
2.5,8.0,71.9,7.5,8.0,71.1,9.0,8.0,91.1,0.6,7.8,87.3,0.02,58.4,62.4,93.3,85.0,83.8,90.3,87.6,90.4
2.0,7.9,76.4,7.0,7.9,74.0,7.2,7.9,75.0,0.7,7.7,92.2,0.02,,53.4,91.0,84.4,81.4,89.2,89.3,92.7
2.0,8.3,78.3,4.5,8.3,73.3,10.0,8.2,88.1,0.5,7.8,,0.02,,,,,,,,
0.8,8.1,76.1,2.5,8.1,73.2,2.5,8.1,83.7,0.3,7.9,85.3,0.01,47.7,31.0,88.0,89.1,67.1,92.4,78.1,87.3
1.2,8.2,73.3,3.0,8.2,71.7,4.0,8.1,83.0,0.5,7.8,90.0,0.01,43.6,48.9,87.5,77.3,73.0,88.2,80.9,91.3
3.5,8.1,76.5,4.0,8.1,74.7,4.5,8.1,86.8,0.4,7.8,83.3,0.0,42.1,51.9,92.2,88.6,70.1,92.2,75.0,90.7
3.0,8.4,77.8,5.0,8.3,74.5,5.3,8.2,76.7,0.4,7.7,83.3,0.05,26.8,57.8,92.4,88.8,73.2,92.8,85.3,94.4
0.5,7.9,74.6,2.5,8.1,76.1,2.5,8.0,78.3,0.5,7.8,65.4,0.02,49.8,35.2,80.0,88.5,68.1,93.9,80.7,89.7
0.8,8.3,70.9,5.0,8.2,66.7,5.5,8.1,70.7,0.3,7.8,73.1,0.02,58.9,55.9,94.5,88.9,69.7,94.3,82.4,91.8
1.67,7.9,77.4,3.5,8.1,70.4,5.5,8.1,86.7,0.2,7.8,90.0,0.01,53.7,69.4,96.4,84.1,51.3,91.6,65.9,91.1
1.5,8.2,73.6,7.0,8.2,65.3,11.0,8.0,72.2,0.4,7.7,73.5,0.01,55.6,75.0,96.8,88.0,67.7,91.7,84.4,92.3
0.5,8.0,74.0,4.5,8.1,75.2,6.5,8.0,80.0,0.3,7.8,84.2,0.01,39.7,73.2,96.2,84.2,65.2,86.3,75.3,87.7
0.4,7.8,67.6,,7.7,68.9,,7.8,81.9,,7.7,85.1,,70.2,51.4,,81.2,54.3,90.7,71.2,86.6
0.9,7.7,65.8,4.0,7.8,67.0,3.3,7.9,80.0,0.3,7.7,70.9,0.05,35.2,53.6,90.8,89.8,39.1,95.0,53.0,93.0
0.35,8.3,71.7,2.5,8.2,74.6,2.5,8.1,88.2,0.4,7.8,90.9,0.01,7.5,49.3,84.0,92.9,69.9,93.8,75.8,90.8
0.35,8.1,70.3,4.0,8.3,71.9,2.5,8.2,71.4,1.0,7.7,76.4,0.02,39.6,26.3,60.0,90.3,77.9,93.6,86.2,91.4
0.65,7.9,66.7,2.5,8.1,67.9,3.0,8.2,71.1,1.0,7.8,78.6,0.05,12.6,42.3,66.7,84.2,63.3,88.3,64.3,77.8
0.5,8.2,79.7,4.0,8.2,80.0,3.5,8.2,77.1,1.2,7.7,88.3,0.02,30.8,26.2,65.7,87.2,60.7,88.6,62.2,77.1
0.7,8.2,75.3,5.3,8.3,72.8,4.0,8.2,83.7,0.6,7.7,81.8,0.01,33.6,46.9,85.0,88.6,68.2,92.8,78.7,93.2
0.86,7.6,69.9,3.5,7.8,71.4,4.0,7.9,78.3,0.4,7.7,80.0,0.01,44.2,45.2,90.0,87.3,74.2,92.4,76.9,94.5
1.0,8.2,72.3,5.5,8.3,75.5,5.0,8.2,73.9,0.5,7.8,39.2,0.0,41.0,53.1,90.0,90.1,74.5,92.8,81.7,92.2
1.2,8.0,73.4,6.0,8.1,74.0,5.0,8.0,87.5,0.6,7.7,80.0,0.03,44.0,50.0,88.0,87.8,75.0,92.6,88.6,92.0
1.0,8.2,72.2,5.0,8.3,75.0,4.0,8.1,97.7,0.6,7.8,70.0,0.01,32.3,43.4,85.0,88.5,79.7,94.2,82.6,93.1
2.7,8.2,76.6,5.3,8.2,73.9,5.0,8.2,80.9,0.4,7.7,86.4,0.0,31.2,59.1,92.0,90.8,78.9,90.5,87.0,94.1
0.7,8.0,70.6,,7.9,73.1,,7.9,78.0,,7.4,88.0,,,36.6,,,76.1,94.6,87.6,90.2
1.2,7.9,71.2,6.5,8.0,69.3,6.0,8.0,73.9,0.4,7.7,85.7,0.02,54.7,63.8,93.3,90.0,79.9,95.3,88.7,94.4
2.6,8.2,67.2,7.0,8.3,67.2,5.5,8.2,66.1,0.9,7.9,80.0,0.0,32.8,50.4,83.6,88.9,83.3,94.0,89.6,95.7
2.6,8.1,69.2,6.5,8.2,72.7,3.3,8.1,71.1,3.0,7.8,83.3,0.02,26.7,23.2,7.7,90.5,86.7,94.2,90.2,94.2
0.96,8.1,84.2,6.0,8.0,80.0,5.5,8.2,90.6,0.5,7.9,94.1,0.01,45.7,49.5,90.9,89.5,78.3,93.3,89.3,91.6
2.5,8.3,71.3,7.5,8.4,72.7,8.0,8.2,77.6,3.5,7.8,92.9,0.02,33.2,33.6,56.3,85.3,88.3,90.8,92.1,94.0
1.3,7.5,73.7,2.5,7.6,64.4,2.0,7.6,77.1,0.3,7.6,96.0,0.0,20.5,52.1,87.5,87.6,59.1,90.2,65.7,91.2
4.1,7.8,55.7,3.0,7.9,54.4,2.5,7.9,73.0,0.3,7.7,75.0,0.0,34.3,53.2,88.0,84.8,68.0,89.5,77.6,92.4
1.7,7.9,56.3,2.0,7.9,57.5,3.0,7.8,74.4,0.3,7.6,85.7,0.0,26.0,50.6,90.0,84.2,74.9,87.3,72.8,91.3
0.94,7.9,67.6,3.0,7.7,66.2,2.5,7.7,69.4,0.3,7.6,90.9,0.02,48.3,51.4,88.0,78.7,68.1,89.5,87.3,91.9
0.82,7.7,66.3,3.0,7.8,67.6,3.5,7.7,83.7,0.5,7.7,92.3,0.02,54.8,53.3,87.1,91.0,81.7,92.4,87.5,93.6
3.1,7.9,69.6,4.5,8.0,69.2,4.0,8.0,78.0,0.5,7.8,81.3,0.02,30.6,53.3,88.8,83.4,71.0,89.5,82.3,91.3
3.5,7.6,34.3,3.5,7.6,36.1,3.0,7.5,44.9,0.5,7.4,85.7,0.0,39.7,66.0,83.3,79.5,60.4,85.0,72.2,95.0
3.7,7.3,32.2,1.8,7.4,34.3,1.5,7.5,45.9,0.3,7.4,80.0,0.0,46.4,62.6,80.0,77.8,59.2,87.5,75.0,94.4
1.0,7.7,53.3,,7.7,48.5,,7.6,66.7,,7.2,72.0,,35.7,69.7,,87.0,41.1,92.2,71.8,93.3
0.6,7.5,56.7,1.5,7.5,51.4,1.3,7.6,66.7,0.2,7.5,68.0,0.0,41.8,62.5,84.0,81.7,83.7,86.2,82.5,91.7
0.23,7.6,57.3,2.5,7.7,53.1,2.5,7.8,59.2,0.5,7.7,83.3,0.02,43.4,50.0,80.0,79.8,82.8,85.2,85.5,89.0
4.4,7.9,57.5,7.5,8.0,49.8,9.2,7.9,72.7,0.5,7.8,87.5,0.05,29.1,72.9,95.1,85.6,75.5,88.6,85.9,94.5
3.2,7.9,62.7,7.5,8.0,63.3,6.5,7.9,78.6,0.5,7.9,84.2,0.02,29.8,56.3,92.3,88.2,70.7,91.9,80.7,93.3
3.25,7.9,46.5,8.5,7.9,52.9,9.0,7.8,74.6,0.4,7.7,82.1,0.02,46.7,70.6,95.6,87.0,72.7,90.5,81.4,95.8
1.74,7.8,61.3,5.0,7.7,55.4,5.0,7.8,71.2,0.4,7.7,86.7,0.01,36.8,66.9,92.0,86.6,77.1,89.3,86.0,94.0
1.5,7.7,56.3,4.5,7.7,63.0,2.7,7.7,69.0,0.5,7.7,80.5,0.03,17.4,37.0,81.5,71.1,58.1,78.4,72.5,82.8
0.76,7.7,45.6,5.3,7.8,45.3,5.6,7.7,72.5,0.2,7.7,100.0,0.01,28.7,73.0,96.4,85.6,64.0,91.7,76.9,94.5
0.9,7.7,60.8,5.9,7.8,54.7,6.3,7.8,68.3,0.3,7.7,91.4,0.01,51.9,67.5,95.2,88.1,66.1,95.0,75.8,92.8
1.89,7.7,64.3,5.5,7.9,62.2,6.0,7.9,74.4,0.2,7.7,76.5,0.05,66.7,63.9,96.7,88.7,71.0,94.0,79.1,91.3
2.5,7.4,68.6,5.0,7.7,64.5,6.5,7.7,72.3,0.2,7.7,80.0,0.1,59.4,62.1,96.9,84.9,65.2,92.0,76.7,90.2
0.12,7.7,17.9,,7.6,17.7,,7.5,69.7,,7.6,76.9,,68.5,96.1,,83.5,47.3,92.5,81.0,99.4
0.5,7.6,62.1,5.0,7.7,56.5,5.5,7.7,79.4,0.2,7.6,82.3,0.02,20.0,68.5,97.3,87.0,82.0,88.5,87.0,93.1
2.1,7.8,61.1,4.5,7.8,54.4,3.0,7.9,61.0,0.3,7.7,84.6,0.02,32.5,42.7,90.0,82.4,75.5,88.8,82.7,93.2
0.75,7.6,22.8,36.0,7.6,21.3,46.0,7.7,66.7,0.5,7.6,82.4,0.02,43.1,94.7,98.9,81.8,68.7,89.9,83.6,98.6
3.9,7.9,54.5,6.5,7.9,46.2,7.5,7.9,57.8,0.3,7.8,85.7,0.01,43.1,73.7,96.0,87.8,59.3,93.8,77.6,95.1
1.5,7.7,62.3,13.0,7.8,53.3,19.0,7.9,84.2,0.4,7.7,77.8,0.05,66.1,81.9,97.9,79.0,64.4,91.4,85.5,91.2
0.99,7.8,23.7,18.0,7.8,30.4,17.0,7.8,60.9,0.4,7.6,75.0,0.03,50.5,88.0,97.6,84.5,,90.4,,97.9
0.71,7.7,71.2,3.3,7.7,66.0,4.5,7.7,72.6,0.9,7.7,79.5,0.5,31.3,39.8,80.0,73.7,75.6,80.8,84.4,69.9
0.56,7.8,73.3,4.5,7.9,68.8,6.0,7.9,79.3,0.1,7.7,78.8,0.0,20.2,48.2,98.3,87.1,72.6,91.9,82.0,89.5
0.77,7.8,67.9,5.5,7.9,71.6,5.0,7.9,73.9,0.4,7.8,81.2,0.0,51.5,65.7,93.0,85.4,75.8,92.6,87.2,89.7
0.76,8.1,75.0,5.5,8.2,68.1,5.0,8.1,75.0,0.1,7.9,77.6,0.0,62.7,63.0,98.0,86.5,73.1,91.7,82.9,89.2
0.68,7.8,66.3,4.5,7.9,63.2,5.0,7.9,78.0,0.4,7.7,87.0,0.05,66.0,52.8,92.0,81.5,71.1,86.7,82.3,87.1
2.2,7.5,78.4,4.3,7.6,69.2,3.9,7.6,83.3,0.3,7.6,96.2,0.0,48.6,53.8,92.3,88.5,66.7,94.9,76.7,95.3
0.7,7.7,67.7,6.0,7.9,58.6,7.0,7.9,70.2,0.6,7.7,97.8,0.0,59.7,64.7,91.4,89.0,65.0,94.1,74.0,92.2
4.07,7.9,72.1,4.5,7.9,68.6,5.8,7.9,84.3,0.4,7.7,93.8,0.02,38.7,57.9,93.9,91.0,76.8,92.3,82.2,92.8
2.7,7.6,71.6,5.5,7.7,65.2,5.0,7.6,84.3,0.7,7.6,88.2,0.05,32.0,54.5,86.0,85.4,79.2,89.9,85.6,72.1
0.6,7.8,70.8,5.5,7.9,67.0,5.5,7.9,80.4,0.2,7.8,92.3,0.0,31.0,57.8,96.4,87.5,77.1,91.7,85.0,93.9
0.7,7.2,65.6,,7.4,64.8,,7.5,84.2,,7.5,83.9,,7.8,64.8,,84.6,62.6,85.0,68.5,83.3
0.7,7.5,55.4,5.3,7.7,54.7,5.5,7.7,79.2,0.4,7.6,90.0,0.0,34.5,62.5,93.6,90.4,89.6,92.2,93.1,95.9
0.4,7.9,70.7,5.0,7.9,70.1,5.5,7.9,76.1,0.3,7.8,63.6,0.0,34.7,57.0,94.5,88.5,76.7,92.7,84.5,88.9
0.82,7.8,66.9,5.5,8.0,62.0,5.0,7.9,75.5,0.3,7.8,79.5,0.05,46.1,55.0,94.0,86.1,70.5,93.4,79.5,89.9
2.85,7.7,66.1,4.5,7.8,62.3,6.0,7.9,75.4,0.3,7.8,85.7,0.02,55.8,56.2,95.8,87.9,71.3,91.5,80.3,93.8
6.36,8.1,62.0,5.0,8.1,61.5,5.0,8.0,66.0,0.5,7.7,91.7,0.02,40.2,54.7,90.0,87.9,69.6,92.4,79.6,94.4
9.6,8.1,61.8,4.5,8.0,55.7,5.3,7.9,73.3,0.4,7.7,88.9,0.02,13.8,63.1,93.3,85.5,72.0,88.7,75.7,91.8
1.98,7.9,66.7,4.0,7.9,63.0,3.5,7.8,80.5,0.3,7.7,82.5,0.0,55.8,59.0,91.4,86.0,77.4,94.8,84.1,90.5
6.45,7.5,48.1,6.0,7.8,47.1,3.5,7.9,78.0,0.4,7.7,83.1,0.02,56.3,60.6,88.6,86.4,75.2,90.7,84.9,95.1
9.0,7.7,50.3,5.5,7.7,61.9,4.5,7.8,76.4,0.7,7.6,79.2,0.02,10.8,47.6,84.4,86.6,66.1,88.4,72.2,92.5
2.9,7.7,59.7,14.0,7.8,55.9,15.5,7.9,80.4,0.4,7.8,96.7,0.0,52.4,82.2,97.4,86.5,,93.1,88.1,96.8
6.5,7.7,52.6,6.5,7.8,50.9,7.5,7.9,77.3,0.3,7.7,89.5,0.02,51.6,81.0,96.0,81.6,81.5,87.4,88.0,95.0
8.7,7.5,46.0,,7.3,58.9,,7.1,73.0,,7.0,83.3,,9.6,49.3,,85.0,66.8,87.2,81.2,93.4
1.8,7.5,40.0,1.4,7.5,40.0,3.0,7.5,65.0,0.3,7.5,92.9,0.02,36.2,74.2,90.0,84.3,68.5,81.2,77.1,92.2
1.77,7.6,51.6,25.0,7.7,55.4,19.0,7.8,81.0,1.0,7.7,84.2,0.05,21.6,49.4,94.7,80.6,74.2,83.5,80.3,89.6
1.73,7.4,66.1,4.5,7.6,67.3,4.5,7.7,87.5,0.1,7.7,78.6,0.01,49.8,60.4,97.8,88.7,73.4,92.8,78.1,94.2
4.2,7.8,54.8,3.5,7.8,52.5,4.5,7.8,82.8,0.1,7.7,93.7,0.01,34.1,75.4,97.8,82.4,84.0,88.0,81.0,92.3
4.4,7.6,67.6,3.5,7.6,62.9,4.0,7.6,70.0,0.1,7.4,92.3,0.01,35.8,65.5,97.5,86.4,,92.1,,93.6
6.6,7.8,71.7,3.5,7.7,61.5,4.0,7.7,76.7,0.1,7.6,76.8,0.01,27.1,50.0,97.5,87.3,64.3,91.4,79.2,92.9
3.42,7.4,72.3,,7.4,62.5,,7.4,88.9,,7.4,90.9,,51.4,72.1,,83.6,18.5,92.6,70.1,94.6
2.92,7.5,81.5,3.0,7.5,64.8,3.0,7.5,75.8,0.9,7.4,78.7,0.01,20.1,31.9,70.0,90.2,69.5,91.0,69.5,86.1
33.5,7.5,51.1,6.3,7.6,54.3,5.5,7.9,75.0,0.3,8.0,,,29.0,68.2,94.5,73.6,60.1,82.5,76.5,
19.1,7.6,55.7,5.0,7.6,63.2,5.5,7.5,76.2,0.2,7.4,78.3,0.01,50.7,60.4,96.4,82.0,59.3,88.8,72.9,91.9
3.7,7.7,68.8,3.0,7.8,67.4,3.1,7.8,83.0,0.2,7.7,86.7,0.01,34.0,55.4,93.5,78.1,63.1,85.5,72.5,80.5
6.3,7.7,57.4,4.0,7.8,55.7,6.5,7.7,81.3,0.7,7.6,82.5,0.01,26.6,65.7,89.2,80.2,60.3,84.2,70.1,86.9
2.6,7.8,58.3,4.7,7.8,60.4,4.5,7.7,73.1,0.9,7.7,82.9,0.02,37.1,53.2,80.0,78.5,59.3,84.3,73.7,85.8
0.8,7.6,69.4,4.0,7.7,66.7,3.0,7.6,82.4,0.2,7.7,87.5,0.0,46.4,65.7,93.3,84.3,64.4,92.1,80.9,90.6
5.7,7.7,59.8,6.0,7.7,61.0,4.0,7.7,77.0,0.6,7.6,100.0,0.0,34.1,50.0,85.0,83.3,33.5,89.8,60.4,92.9
1.1,7.6,57.7,4.3,7.7,60.8,4.0,7.7,65.6,0.7,7.8,83.6,0.0,24.4,34.0,82.5,82.3,63.1,88.6,73.3,89.4
0.7,7.6,61.2,4.0,7.7,62.9,7.0,7.7,62.3,0.7,7.8,86.5,0.0,45.2,50.7,90.0,13.2,1.4,29.5,19.2,57.0
1.0,7.6,65.8,5.5,7.6,64.0,4.5,7.6,69.6,1.0,7.6,83.8,0.25,34.5,49.5,77.8,8.2,,45.7,41.0,66.7
1.6,6.9,65.3,5.0,7.3,58.5,4.5,7.3,65.5,1.4,7.5,74.4,0.02,35.4,50.8,68.9,18.5,33.9,56.7,50.0,67.8
0.9,7.3,62.0,3.0,7.4,59.5,3.0,7.5,58.8,0.3,7.6,71.8,0.01,60.9,56.0,90.0,66.7,55.5,83.2,70.4,81.9
4.0,7.5,75.0,5.0,7.5,61.7,5.0,7.5,75.6,0.1,7.6,70.5,0.01,16.8,64.3,98.0,79.8,72.1,85.7,85.8,89.9
1.8,7.6,64.3,4.0,7.7,67.3,3.5,7.6,73.9,0.2,7.6,82.4,0.01,45.6,55.8,95.7,82.1,69.0,90.4,79.2,85.3
1.5,8.1,67.1,3.0,8.0,69.1,2.0,7.6,85.7,0.1,7.5,86.4,0.01,18.5,48.5,95.0,85.1,69.0,88.4,73.0,84.3
5.7,7.7,51.0,4.0,7.7,67.7,2.5,7.6,75.5,0.1,7.5,75.7,0.01,30.9,50.5,96.0,79.2,59.3,82.6,71.1,84.1
2.4,7.6,49.0,2.8,7.6,50.0,2.5,7.6,83.0,0.1,7.6,85.7,0.02,17.8,63.3,96.0,85.8,63.3,88.6,64.4,86.0
1.4,7.5,67.5,2.0,7.5,77.6,1.7,7.6,89.3,0.1,7.7,85.7,0.0,33.8,58.2,94.1,85.7,57.1,92.6,67.7,85.8
0.2,7.8,73.9,3.8,7.8,75.6,3.5,7.8,82.4,0.2,7.5,88.6,0.01,37.5,60.5,95.7,82.5,62.0,87.7,73.3,89.9
0.55,7.4,69.4,3.0,7.4,60.2,3.0,7.4,71.8,0.1,7.6,78.5,0.01,28.4,60.2,98.3,85.6,,89.9,72.1,84.7
1.6,7.5,69.0,2.6,7.5,67.0,3.0,7.6,80.0,0.1,7.7,79.4,0.02,47.4,60.0,98.3,81.2,62.6,88.8,70.5,79.8
1.75,7.7,62.9,3.0,7.7,53.4,4.0,7.7,67.3,0.3,7.6,81.8,0.02,24.8,55.9,92.5,88.3,68.8,89.8,75.6,93.8
1.0,7.8,62.0,5.5,7.8,54.2,8.0,7.8,64.4,0.3,7.7,75.0,0.05,37.1,66.7,96.3,82.3,77.9,87.8,85.3,90.7
0.58,7.7,61.2,4.5,7.8,55.3,6.0,7.7,67.2,0.2,7.7,81.8,0.05,39.4,63.5,96.7,83.3,71.3,89.7,81.6,90.9
1.14,7.8,64.0,4.3,7.9,49.6,9.5,7.9,66.7,0.3,7.8,75.0,0.01,56.0,75.4,96.8,85.0,61.4,91.2,70.7,93.0
2.22,7.7,62.4,5.4,7.7,50.0,8.0,7.7,59.7,0.5,7.7,75.0,0.01,39.3,67.8,93.8,84.0,72.3,89.0,79.3,92.7
5.9,7.6,67.8,,7.6,55.4,,7.5,64.3,,7.5,87.5,,32.4,66.3,,81.3,77.1,84.2,82.2,90.8
0.92,7.7,64.3,4.3,7.7,58.5,5.9,7.7,64.5,0.2,7.6,80.0,0.0,32.9,49.6,96.6,86.2,67.8,89.0,81.2,91.1
2.5,7.8,66.7,7.5,7.7,52.8,8.5,7.8,66.7,0.3,7.7,77.8,0.02,40.5,73.6,97.1,87.4,75.1,92.2,85.8,89.8
1.5,7.5,67.9,7.0,7.6,56.3,9.0,7.8,66.7,0.2,7.7,77.9,0.0,51.1,75.9,98.3,86.4,82.2,92.4,89.9,94.1
1.0,7.6,58.0,6.5,7.8,56.5,7.0,7.8,71.7,0.2,7.7,74.3,0.02,41.6,72.3,97.1,84.5,69.7,90.0,80.8,92.7
1.75,7.2,63.8,,7.4,49.8,,7.5,70.3,,7.6,88.9,,43.7,82.6,,86.5,70.4,91.0,84.5,93.5
1.25,7.5,61.5,4.5,7.6,58.2,5.0,7.7,75.0,0.2,7.6,71.4,0.02,42.2,67.2,97.0,86.0,74.2,90.9,83.3,93.6
0.72,7.8,57.9,5.5,7.8,55.1,5.5,7.8,73.2,0.2,7.7,67.4,0.02,43.2,62.4,96.4,91.5,74.5,94.8,78.8,90.0
0.73,7.8,62.2,4.5,7.8,57.5,6.0,7.9,78.0,0.2,7.7,75.9,0.02,57.7,69.4,97.5,77.1,54.5,88.3,71.2,86.9
0.36,7.6,53.4,5.0,7.7,54.0,6.0,7.8,81.6,0.2,7.6,81.8,0.03,36.8,72.3,97.5,82.5,74.0,88.5,83.4,90.5
3.9,7.8,66.0,5.0,7.8,69.5,4.5,7.7,83.8,0.2,7.6,85.7,0.01,56.8,68.6,95.6,90.8,81.3,93.9,86.6,93.0
1.2,7.7,62.0,4.5,7.9,62.6,4.5,7.9,75.7,0.2,7.8,77.5,0.02,36.9,65.4,95.6,90.5,61.3,95.1,76.3,92.0
3.3,7.3,56.7,3.5,7.5,64.3,2.5,7.6,81.3,0.2,7.6,83.3,0.01,24.1,61.9,92.0,94.2,57.5,95.5,71.0,94.2
3.2,7.6,57.9,5.5,7.7,59.4,5.5,7.8,81.3,0.2,7.6,73.1,0.01,47.3,69.8,97.3,84.4,70.8,87.3,76.5,86.3
0.85,7.6,66.7,5.5,7.7,66.3,3.0,7.7,89.2,0.1,7.7,81.8,0.01,35.9,58.4,96.7,87.0,75.0,92.7,80.0,88.9
0.45,7.8,82.9,4.5,7.8,80.0,4.5,7.8,100.0,0.1,7.7,83.1,0.01,44.9,72.6,97.8,89.9,73.5,93.0,80.5,92.1
1.94,7.7,65.2,4.5,7.7,68.1,3.5,7.8,84.8,0.2,7.8,77.3,0.0,25.2,63.7,95.7,86.4,66.2,89.3,75.8,87.6
2.4,7.6,71.8,4.0,7.7,,3.3,7.7,81.6,0.5,7.8,100.0,0.01,30.1,55.8,84.6,90.0,73.1,92.7,79.0,94.1
0.54,7.6,58.8,2.5,7.6,55.9,2.8,7.7,70.7,0.2,7.8,88.0,0.01,41.6,59.8,92.9,79.8,71.9,86.9,78.7,89.7
1.44,7.5,47.0,3.5,7.7,47.7,4.2,7.8,76.7,0.3,7.8,84.7,0.01,41.4,67.4,92.9,75.8,64.8,83.7,,92.6
0.47,7.6,61.7,2.5,7.5,59.6,3.5,7.6,71.7,0.2,7.7,76.4,0.01,68.5,57.8,94.3,71.0,60.6,85.0,67.1,88.3
1.4,7.6,64.8,4.5,7.7,66.7,4.0,7.8,79.5,0.4,7.8,72.0,0.01,,56.7,90.0,64.7,80.9,92.3,82.7,91.8
1.1,7.3,85.0,3.3,7.6,79.7,3.0,7.7,,0.2,7.8,,0.01,43.9,,93.3,81.6,77.3,88.0,91.5,
4.5,7.8,55.9,3.5,7.9,56.8,4.5,7.9,75.7,0.3,7.9,86.2,0.01,23.7,68.6,93.3,87.4,68.7,91.4,80.5,93.6
3.0,7.6,38.4,2.5,7.7,40.0,3.5,7.7,69.1,0.2,7.6,68.9,0.02,35.9,71.0,95.7,76.0,79.0,84.3,80.9,93.2
0.5,7.8,49.2,4.5,7.7,45.8,7.0,7.7,60.0,0.2,7.8,81.7,0.02,24.8,68.9,97.1,74.1,61.8,78.5,77.0,90.4
0.4,7.8,51.9,6.5,7.7,50.7,6.0,7.8,72.7,0.2,7.7,80.0,0.02,55.1,71.1,96.7,82.7,69.8,92.9,84.9,95.9
0.27,7.9,64.6,5.4,7.9,58.8,5.5,7.9,76.9,0.2,7.8,83.3,0.02,42.3,71.3,96.4,77.7,87.5,87.6,92.8,92.0
0.88,7.6,55.5,5.5,7.7,53.5,6.0,7.7,75.7,0.2,7.7,82.2,0.1,42.3,73.9,96.7,74.4,59.6,86.3,80.2,93.4
0.17,7.8,47.7,6.5,7.8,41.0,6.0,7.8,78.1,0.2,7.8,77.9,0.03,47.7,82.0,97.5,76.1,68.0,88.0,84.2,93.9
0.25,8.1,56.3,7.5,7.9,53.2,7.0,7.9,72.6,0.3,7.8,80.0,0.02,32.8,67.7,96.4,72.7,81.0,82.2,89.3,91.8
0.14,7.7,60.3,4.5,7.7,60.0,7.5,7.8,81.6,0.3,7.8,87.5,0.08,,72.5,96.0,,74.5,85.7,86.0,90.8
0.12,7.8,63.4,4.7,7.8,59.4,5.5,7.7,72.1,0.2,7.8,81.8,0.02,46.5,68.8,96.4,82.0,70.3,,84.1,89.1
0.25,8.0,57.5,5.7,7.9,64.2,7.2,7.9,70.8,0.4,7.9,77.8,0.02,32.8,68.2,94.4,83.5,80.4,88.5,87.8,93.3
1.59,7.8,65.1,4.5,7.8,64.2,5.0,7.9,68.2,0.2,7.9,70.8,0.2,44.7,67.2,96.0,80.0,53.8,88.5,71.4,90.5
0.4,7.8,71.8,3.0,7.8,67.1,3.0,7.8,91.2,0.2,7.8,80.0,0.1,11.1,57.0,93.3,76.0,69.2,80.3,74.0,86.6
,7.7,66.7,4.5,7.8,66.7,3.5,7.8,80.5,0.2,7.9,88.9,0.05,30.0,65.8,94.3,68.9,58.0,81.0,73.7,91.7
1.2,7.9,73.9,6.5,7.8,67.1,5.0,7.8,97.0,0.4,7.8,93.3,0.1,40.6,59.8,92.0,89.5,,93.7,,91.8
0.7,7.6,63.9,5.5,7.6,55.9,5.0,7.6,60.5,0.3,7.7,77.8,0.01,47.3,61.3,94.0,76.4,,86.5,82.4,90.7
3.3,7.7,62.0,3.5,7.7,58.6,3.0,7.6,81.4,0.2,7.9,70.7,0.15,,38.6,93.3,,87.0,92.7,95.0,91.8
7.3,7.6,64.0,3.5,7.7,67.4,3.0,7.6,77.4,0.2,7.6,80.0,0.05,,40.4,95.0,,72.9,90.9,79.9,
1.6,7.7,70.1,1.5,7.7,65.2,2.5,7.8,69.8,0.3,7.7,81.8,0.05,32.4,40.4,88.0,87.8,77.6,91.3,85.3,83.8
1.6,7.9,64.7,6.0,7.9,66.4,7.2,7.9,70.0,2.5,7.8,85.7,0.05,,43.9,65.3,,75.3,,81.2,89.7
3.0,7.4,61.9,3.0,7.5,65.1,2.5,7.6,82.5,0.2,7.7,77.1,0.02,29.1,53.5,92.0,85.7,64.2,90.6,72.7,85.6
2.6,7.5,66.3,3.0,7.5,65.1,2.0,7.6,68.9,0.0,7.8,86.0,0.02,34.2,47.7,99.0,84.4,66.1,90.3,73.3,88.4
0.5,7.3,67.7,2.0,7.4,68.8,1.3,7.4,67.3,0.1,7.5,82.9,0.02,,52.3,92.3,75.3,,86.3,,76.6
0.2,7.6,71.0,5.0,7.6,68.0,2.5,7.6,94.2,0.1,7.8,91.4,0.02,55.1,73.2,96.0,82.0,62.5,91.7,78.9,88.7
0.45,7.9,64.3,2.5,7.8,69.0,3.0,7.9,81.7,0.2,8.0,85.5,0.0,44.8,64.5,95.0,82.2,80.0,89.4,86.1,88.8
0.4,7.6,67.7,3.0,7.6,71.8,2.5,7.6,83.6,0.2,7.8,76.5,0.02,,64.1,94.0,84.9,60.4,91.9,76.8,87.6
0.5,7.6,44.3,7.5,7.5,44.2,8.0,7.6,78.5,0.1,7.9,78.0,0.02,48.7,86.9,98.8,81.0,67.9,90.4,91.6,96.0
0.2,7.7,70.8,3.0,7.6,69.5,7.5,7.6,79.1,0.2,7.8,82.9,0.02,,47.6,97.3,,77.6,93.7,84.8,90.3
0.55,7.5,37.2,1.4,7.5,38.2,1.0,7.5,67.4,0.1,7.6,85.0,0.02,62.8,77.7,90.0,73.8,65.5,92.7,77.2,90.7
0.23,7.6,37.6,1.4,7.6,57.0,1.5,7.6,58.8,0.2,7.7,77.8,0.01,36.9,43.6,86.7,87.7,71.9,91.3,79.8,92.3
0.62,7.5,66.2,1.7,7.5,64.0,1.5,7.7,64.9,0.2,7.8,84.6,0.02,38.1,41.6,86.7,87.7,79.0,94.2,87.7,91.6
0.23,7.6,71.4,2.0,7.6,67.3,1.5,7.6,69.7,0.3,7.6,87.1,0.02,50.9,36.5,80.0,87.0,69.6,91.7,80.5,82.7
0.2,7.6,60.7,3.5,7.7,59.5,3.0,7.7,71.4,0.1,7.9,64.0,0.05,68.0,66.7,96.7,81.6,41.8,94.3,72.5,83.1
0.2,7.3,73.5,3.0,7.4,75.6,2.5,7.4,77.5,0.3,7.5,100.0,0.02,38.5,54.5,88.0,90.0,,95.8,81.7,93.4
0.1,7.6,68.5,1.6,7.6,71.1,1.7,7.7,84.4,0.2,7.9,70.0,0.01,25.2,61.4,91.2,78.6,65.1,86.8,81.0,89.0
0.47,7.6,64.9,2.0,7.7,61.5,1.8,7.8,77.4,0.1,7.9,83.1,0.01,45.6,60.3,94.4,82.5,72.9,89.4,86.2,91.2
2.0,7.7,72.2,2.0,7.6,69.1,3.0,7.6,82.6,0.2,7.8,82.5,0.01,,,,,77.7,,,
0.2,7.5,82.3,2.5,7.6,70.6,2.5,7.7,91.9,0.2,7.9,90.0,0.0,40.5,54.4,94.0,89.7,75.5,93.5,85.0,90.3
0.13,7.6,71.9,1.8,7.6,85.0,2.0,7.7,84.9,0.1,7.9,82.9,0.0,13.7,45.0,95.0,87.5,71.3,93.9,79.6,89.1
0.36,7.5,71.4,,7.6,62.3,,7.6,83.6,,7.7,76.9,,40.8,71.6,,59.0,26.4,74.7,83.8,81.4
0.16,7.7,56.8,2.3,7.7,65.8,3.0,7.7,78.2,0.2,7.9,100.0,0.01,,62.3,93.3,69.8,75.9,79.6,78.6,96.6
0.32,7.8,68.6,4.0,7.8,68.8,4.5,7.7,73.8,0.1,7.9,90.0,0.0,,58.3,97.8,83.0,59.1,91.1,74.6,90.7
0.3,7.4,64.4,3.0,7.5,63.0,3.5,7.6,85.7,0.1,7.7,84.0,0.02,,65.0,97.1,76.2,66.4,82.0,77.1,88.9
0.3,7.3,65.1,4.0,7.4,67.3,3.5,7.5,76.6,0.1,7.7,71.1,0.01,39.8,65.9,97.1,81.7,70.9,89.5,87.0,89.5
0.21,7.5,69.7,,7.4,60.0,,7.4,84.4,,7.3,80.0,,,69.5,,81.7,76.4,,81.7,86.4
